90

 0 98 17 71 39 12 35 57  8 62  2 62 58 66 51  8 63 32 79 79 38 13 56 37 40 39 68 53 96 34 29 10 75 29 58  2 58 66  4 16 56 77 29  6 52 85 15 21 27 83  8 97 58 13 60 78 53 44  6 40 19 50 90 23 97 68 20 23 57  2 93 96 91 94 55 86 98 67 58 56 60 57 51 99 69 44 29 36 80 46 
98  0 71 25 93 38 39 77 45 26 21 52 27 45 74 45 45 83 76 65 88 69  5  4 28 96 74 23 22 42 10 84 77 30 31 73 39 63 18 91 24 23 66 63 43 61 51 90 57 89 56  7 66 31 37 20 47 52 88 12 94 40 21 30 11 45 30 21 81 95 29 93 89 97 58 77 50 26 90 98 42 80 46 97 37 64 79 14 97 78 
17 71  0 28 74  1 44 32 59 40 12  9 59 71 12 99 54 24 83 62 12 79 34 10 58  5 70  4 63 26 11 52 90  9 93  4 83 31 10  1 24 79 10 19 95  1 15 29 28 12 41  6 83 96 84 47 47 44 18 78 74 69 56 80  1 96 72 39 98  2 86 83 50 16  2 46 57  8 86  8 44 47 53 97  8 18 86 62 80 61 
71 25 28  0  4 96 72 21 60 96 51 28 93 31  5 33 11 39 46 53 31 79 13 10 27 19 76 18 78 72 96 57 11 59 83 61 18 30  1 75 98  3 23 79 15 69 63 23 27 45 87 16 50 81 32 37 77 62 92 84 48 42 31 59 68 19 77 89 78 17  8 35 78 61 36 72  1 100  5 17 57 65 61 71 72 50 17 32 57 93 
39 93 74  4  0 60 62 46 12 43 30 87 84 18 79 53 79 17 58 29 45 92 49 88 60 13 21 100 84  7 23 91  7 82 27 51 19  6 48 77 90 84 97 81 36 24 31 43 96 92 71 74 72 66 72 86 47 14 39 50 86 17 48 27 80 79 93 81 74  2 18 73 19 65 37 34 18 62 52 99 97 17 75 32 64 89 92 70 39 97 
12 38  1 96 60  0 27  7 59 59 92 49  2 35 28 38 84 30 57 24 73 67 99 39 60 71 29 69 58 74 51 91 27 27 16 85 12 61 63 34 48  8 95 48 72 94 19 21 93  6 58 70 95 95 14 55 81 82 32 36 37 11 34 83 39 16 91 98 28  7 13 37 50  4 70 28 69 15  5 61 50 89 53  2 34 44 23 36 11 38 
35 39 44 72 62 27  0 83 54 15 43 73 99 68  9 43 27  4 59 29 86 97 53 96  3 80 65  4 99 23 93 10 99 94 79 75 66 85 13 26 15 95 77 23 76  4 37 61 84 78 67 16 84 100 33 44  1 26 81 42 10 74 48 15 99 30 100 80  8 64 61 40 27 74 35 39 38 21  4 69 70 72 18 33 79 18 99 94 76 24 
57 77 32 21 46  7 83  0 94 100 38 83 69 44 61 73 85 31  7 45 76 49 85 89 14 29 49 49 92 91 87  1  8 98 11 34 67 35 30 13 12 25  6 28 94 83 76 42 11 69 49 55 38 98 77 39 42 32 84 71 71 10 32 58 28 79 74 39 71 90 39 30 95 19 34 58 68  5 14 85 57 26 69 60 96  9 52 28 79 87 
 8 45 59 60 12 59 54 94  0 37 55 99 99 21 98 91 71 73 93 71 91 50 14  3 57  5 55 62 39 40 60 25 86 67 40 48 72 72 12 94 16  5 43 16 10 79  3 99 25 81 22 86 79 94 32 51 59 40 65 56 37 54 39 96 53 11 26 38 30 67 74 91 35 23 69 18 93 24 93 61 66 12 74 92 71 59 80 98 91 17 
62 26 40 96 43 59 15 100 37  0 87 66 20 63 32 65 63  4 92 17 42 19 100 92 82 34  2 25 45 80 68 41 61 87 51  6 30  5 79  1 54  9 69 96 70 81 15 78 35 25 62 58 20 80 100 53 93 29 15 94 91 49 20 89 16 52 64 31 73 45 50 22 51 79  9 36 72 21 42 35 62 42 61 70 73 64 70 74 91 29 
 2 21 12 51 30 92 43 38 55 87  0 75 14 63  6 58 85 40 75 34 55 70 38 83 79 24 13 48 54 48 56 68 34 23 87  7 61 58  9 37 12 37 11 18  9 91 57  3 38 74 57 45 22 86 44 33 11 17  6 82 95  2 99 16 45  8 54 89 57 96 10 89 29 46 85 86 51 35 15 100  4 78 29 45 14 96 72 87 40 55 
62 52  9 28 87 49 73 83 99 66 75  0 67 72 45 72 11 39 49 28 71 50 64 23 98 26 43 74 93 79 81 14 89 46 87 62 26 28 61 11 36 62 65 76 16 10 17 46 67 20 13 92 49  4 36 17 78 53 33  6 99 96 84 71 91 57 59 29 37 97 24 64 65 53 64 100 62 39 22 75 73 68 13 16 72 59 99  4 34 36 
58 27 59 93 84  2 99 69 99 20 14 67  0 73 38 36 65 75 46 98 19 51 88 38 21  7 71 19 41 14 63 30 74 82  4 39 94 90 57 14 52 99 75  3 16 96 63 89 29 15 18 55 24 67 47 98 78 30 96 45 29 82 16 86 18 20 97 21 49 10 88 63 62 55 90 54 79  4  3 47 37 18 78 97  6 40 65 86 77 21 
66 45 71 31 18 35 68 44 21 63 63 72 73  0 49 56 34 76 25 15 59 24 54 23 43  4 45 93  3 54 16 62 68 55 63 84 25 11  9 34 93 57 48 85 78 27 14 42 75 98 76 37 35 94 52 75 57 95 60 15 15 94 84 74 25 63 90 56 58 76 83 54 93 83 74 96 98  6 89 52 62 100 13 23 40 98 92 71 87 62 
51 74 12  5 79 28  9 61 98 32  6 45 38 49  0 71 64 64 40 36 18 93 21 48 39 78 56 92 13 81 94 72 33 75 96 39 95 29 63 78  1 26 43 93 54 61 46 35 27 65 74 49 35 22 94 37 27 32 63 49 45 41 86 85 80 95 53 69 37 83 19 15 30 82 47 80 100 19 78 33 30 78 17 22 59 96 43 42  5 15 
 8 45 99 33 53 38 43 73 91 65 58 72 36 56 71  0 29 99 58 32 62 70 62 23  7 86 72 99 39 42 96 79 94 33 23 21  9 29 23 99  4 15 41 78 41 32 48 98 19 84 13 87 22 47 40 29 55 84 92 16 27 41 15 20 53 13 38 24 53 18 87 69 89 40  8 98 27 76 94 60 98 65 34 67 18 52 89 62 76 10 
63 45 54 11 79 84 27 85 71 63 85 11 65 34 64 29  0 36 16 36 21 97 26 31 57 54 32 17 93 60 11 10 76  2 58 13 35 16 98 70 13 82 80 38 49  1  4 26 50 64 75 94 44 54 28 32 59 45 57 16 40 33 15  1 90 100 81 95 44 56 100 24 72 29  5 13 87 51 98 93 97 87 58 39 43  6 59 56 55 39 
32 83 24 39 17 30  4 31 73  4 40 39 75 76 64 99 36  0 85 41 46 17 84 90 56 48 18 83 31  8 16 72 83 39  9  1 77 36 58 88 99 78 28 13  7 56 15 10 89 54 62 73 85 73 42 23 91 19 64  2 38 58 92 28 98 86 37 94 83 48 14 95 87 52 24 86 31 71 77 67 32 92 34  3 88 10 24 24 91 74 
79 76 83 46 58 57 59  7 93 92 75 49 46 25 40 58 16 85  0 73 100 72  7 10 19 47 64 69 57 75 82 29 88 13 12 20 24 22 76 94 80 85 35 74  8 80 95 15  1 47 56 70 94 28 10 63 62 34 90 53 32 91 89  4 15 59 45 94 48 81 51 61 91 54 46 84 87  7 36 62 83 45 98 48  2 26 77 13 11 50 
79 65 62 53 29 24 29 45 71 17 34 28 98 15 36 32 36 41 73  0 26  2 11 84 25 66 80 58 64 35 32 40 48 10 60 57 80 19 93 73 73 49 55 90 23  5 25 59 55  1 16  1 13 43 67 19 94 60 22 12 21 39 66 35 98 64  6 34 52 82 27 14 72  8 98  1 53 32 89 26 29  7 67 21  5 74 21 53 60  1 
38 88 12 31 45 73 86 76 91 42 55 71 19 59 18 62 21 46 100 26  0 83 66 75 73 100 62 26 30 18 32 31  8 24 31 95 11 85 76 38 59 44 65  5 98 44 59 13  5 47 38 72 67 69 52 89  9 27  2 88  4 92 40 60 99 35 93  8 25 24 28 63 18 64  6 81 80 67 36  1 37 42  6 10 71 94 98 91 72  1 
13 69 79 79 92 67 97 49 50 19 70 50 51 24 93 70 97 17 72  2 83  0 41 36 92 100 92 73 45 94 43 63 60 77  2 100 34 74 21 68 72 90 31 75 67 59 28 42 12 63 71  9 72 99 83 30 49 20 24 23 40 57 11 14 75 15  6 28 51 29 54 72 49 100 53 43 75 48  8 16 39 72 43 22 11 30 52  1 90 59 
56  5 34 13 49 99 53 85 14 100 38 64 88 54 21 62 26 84  7 11 66 41  0  7 52 78 81 64 53 19 21 58 69 90 27 20 49 34 65 100 67 47 74 66 77 74 89 36 30 50 60 81 93 84 90 39 72 63 78 86 43 33 69 55  4 29  1 47 47  9 79 79 22 98 39 56 87 63 46 67 65 98 75 26 44 93 12 85 94 59 
37  4 10 10 88 39 96 89  3 92 83 23 38 23 48 23 31 90 10 84 75 36  7  0  1  9 46 52 85  6 64  8 14 11 24 61 45 54  2 48 65 34 72 99 95 47 92 51 37 99  2  5 55 97 69 71 98 37 66 14 32 14 29 36 10 12 58 73 51  4 35 11 76 79 90 43 95 13 99 91 26 93 81 72 47 63  5 41  1 30 
40 28 58 27 60 60  3 14 57 82 79 98 21 43 39  7 57 56 19 25 73 92 52  1  0 16 83 55 80 53 55 59 72 99 57 20 33 61 78 88 83 14 64 35 42 62 88 92 98 59 35 86 19 93 77 77 50 64 45 16 25 24 87 24 65 57 65 85 100 86 73 73 17  8 23 68 60 95 71 47  4 69 55 28 62 54 76 89 22 39 
39 96  5 19 13 71 80 29  5 34 24 26  7  4 78 86 54 48 47 66 100 100 78  9 16  0 10  9 88 37 52  7  3 26 28  4 93 46 84 67 34 92 94  1 78 57 98 98  5 84 82 19 34 55  7 49 96  1 24 96 59  6 44 40 69 85 26 27 85  7 90 48 78 74 100 87 30 52 54 90 46 54  2 44 91 78 30 96 97 44 
68 74 70 76 21 29 65 49 55  2 13 43 71 45 56 72 32 18 64 80 62 92 81 46 83 10  0 18 20 51 21 87 36 84 97 42 95 97 55 81 78 16 79 52  8 59 76 15 27 87 17  1 59 51 90 40 59 52 55 66 50 13 31 23 84 35 88 100 39 11 55  5 65 83 47 19 98 38 65 40 66 21 83 20 66  1  1 80 53 38 
53 23  4 18 100 69  4 49 62 25 48 74 19 93 92 99 17 83 69 58 26 73 64 52 55  9 18  0 89 91 68 36 70 11 73 81 35 27 53 17 10 12 37 17 10 97 79 87 86 79 81  1 16 61  2 19 42 15 47 63  3 94 62 88 60  8 59 65 31 15 64 57 18 26 10 41 62 14 40 65 89 65 52 79 65 87 39  5 79 90 
96 22 63 78 84 58 99 92 39 45 54 93 41  3 13 39 93 31 57 64 30 45 53 85 80 88 20 89  0  2 30 67 99 70 45 75 96 87 80 84 96 73 18 37 39 100 64 100 55 30 33 80 95 27 42  1 93 95 52 92 44 47  9 74 67 43 49 27 48 87 51 51 37 30 39 95 52 35 80 31 52 12 50 27 43 83 77 41 83 70 
34 42 26 72  7 74 23 91 40 80 48 79 14 54 81 42 60  8 75 35 18 94 19  6 53 37 51 91  2  0 50 79 16 32 67 70 33 63 97 17 88 52 63 71 98 77 25 64 12 61 87 76 57 72 34 22 37  8 86 71 69 95 11 74 98 47 38  4 80 11 52 26 73 45 64 76 28 97 87 96 23 32 96 36 85 47 64 71 52 57 
29 10 11 96 23 51 93 87 60 68 56 81 63 16 94 96 11 16 82 32 32 43 21 64 55 52 21 68 30 50  0 73 98 33 25 34 66 22 53 44 27 93 38 67 45 31 24 80 77 26 92 43  7 89 86 84 85 93 28 91 92 25 17 28 86 35 55 87 18 52 23 77 21 94 32 20 28 87 23  8 11 86 21 72 71  5 25 54  4 26 
10 84 52 57 91 91 10  1 25 41 68 14 30 62 72 79 10 72 29 40 31 63 58  8 59  7 87 36 67 79 73  0 15  6 90 96 74 37 28 82 29 34 46 79 40 54 97 84 48 20 37 92 38 19 51 25 86  8 15 62 76 33 48 87 10 88 51 28 54 64 36 58 68 71 64 14 43 55 95  8 78 97 53 33 10 49 51 97 38 73 
75 77 90 11  7 27 99  8 86 61 34 89 74 68 33 94 76 83 88 48  8 60 69 14 72  3 36 70 99 16 98 15  0 38 40 81 96 94 94 99 96 39 48 61 69 39  4 79 10  4 35 84 100 96 94 67 70 11 99 54 44 21 21 84 72 82 53 71 13 61 62 14 14 46 20 90 83 49 25 91 13 70 68 43 83 15 72 43 53  3 
29 30  9 59 82 27 94 98 67 87 23 46 82 55 75 33  2 39 13 10 24 77 90 11 99 26 84 11 70 32 33  6 38  0 19 69 86 79 71  1 97 72 87  4 84 42  7 31 43 16 91 76 62 44 84 60 43 85 82 15 30 92  7 56 36 44 17 71 11 55 39  2 35 92 58  1 23 87 31 67 75  4 48  4 13 11 98  9 66  8 
58 31 93 83 27 16 79 11 40 51 87 87  4 63 96 23 58  9 12 60 31  2 27 24 57 28 97 73 45 67 25 90 40 19  0  9  2 27 86 34 33 92 90 13 34 82 72 53 73 47  6 65 24 97  3  8 85 63 48 40 30 87 73 22 45 42  8 95 55 26 26 61 20  4 56 83  9 58 56 12 42 50 21  4 68 44 60  2 14 96 
 2 73  4 61 51 85 75 34 48  6  7 62 39 84 39 21 13  1 20 57 95 100 20 61 20  4 42 81 75 70 34 96 81 69  9  0  1 10 57 99 59 37 63  6 10 11 88 40 42 87 70 41 40 75 36 68 35 40 36 31 50 100 12 58 58 57 86 77 87 34 77 82 69 18 13 26 40 30 72 99 59 47 71 34 22 32  6  8 82 43 
58 39 83 18 19 12 66 67 72 30 61 26 94 25 95  9 35 77 24 80 11 34 49 45 33 93 95 35 96 33 66 74 96 86  2  1  0 17 68 63 17 49 99 94 34 99  8 14 94 17 62 41  9 35 12 89 99 50 73 14 92 84 84  5 60 29 37 39 26 41 95 100 97 65 41  5 91  3 90 97 72 32 55 21 88 55 47 62 51 68 
66 63 31 30  6 61 85 35 72  5 58 28 90 11 29 29 16 36 22 19 85 74 34 54 61 46 97 27 87 63 22 37 94 79 27 10 17  0 26 38 83 62 65 92 73 35 33 25 85 96 31 11 75 53 90 71 22 74 73 40 51 83 72 58 30  6  4 15 79 32 88 14 77  4 11  5 31 37 35 58 96 63 93 17  8 15 97  4 16 64 
 4 18 10  1 48 63 13 30 12 79  9 61 57  9 63 23 98 58 76 93 76 21 65  2 78 84 55 53 80 97 53 28 94 71 86 57 68 26  0  2 90 59 61 72 29 89 85 27  8 46 91 43 37 31 78 26 25 95 31 35 20  8 40 74 55 11 67 65 85 27  1  7 25 37 83 11 76 87  7 62 55  1 79 46 81 61 74 55 97  7 
16 91  1 75 77 34 26 13 94  1 37 11 14 34 78 99 70 88 94 73 38 68 100 48 88 67 81 17 84 17 44 82 99  1 34 99 63 38  2  0 69 40 77 14 56 66  6 82 81 41 85 66 18 68 46 18 24 65  4  7 37 17 33 16 32 47 76 98 53 20 71 86 40  9 54 42 23 81 83 26 41 99 40  4 76 60 38 13 60  4 
56 24 24 98 90 48 15 12 16 54 12 36 52 93  1  4 13 99 80 73 59 72 67 65 83 34 78 10 96 88 27 29 96 97 33 59 17 83 90 69  0 23 79 98 88 24 17 92 94 56 78 19 26 58  6 94 71 32 100 100 31 52 76 13 26 23 72 47 29 52 88 16 22 67 40 50 86 17 34 57 59 47 72 53 21 88 57 20 96 43 
77 23 79  3 84  8 95 25  5  9 37 62 99 57 26 15 82 78 85 49 44 90 47 34 14 92 16 12 73 52 93 34 39 72 92 37 49 62 59 40 23  0 73  3 69 47 15 20 53 60  9 17 64  9 14 63  7 26 63  4 10 94 38 88 30 55 11 46 16 40 56 87 87 51 67 54 65 97  8 40 89 46 15 54 58  6 72 12 25 11 
29 66 10 23 97 95 77  6 43 69 11 65 75 48 43 41 80 28 35 55 65 31 74 72 64 94 79 37 18 63 38 46 48 87 90 63 99 65 61 77 79 73  0 98  4 84 80 36 63 18 40 92 62 74 75 78 15 31 91 90 68 89 16 76 17 70 50 92 41 60 19 14  4 59 13 18 30 30 91 35 37 49 77 51 17  4 94 88 44 68 
 6 63 19 79 81 48 23 28 16 96 18 76  3 85 93 78 38 13 74 90  5 75 66 99 35  1 52 17 37 71 67 79 61  4 13  6 94 92 72 14 98  3 98  0 89 26 54 40  6 62 39 54  3 16  6 24 28 70 26  5 57 97 94 28  6 55 18 100 69 63  2 80 94 98 100 97 30 49 56 52 53 55 17 96 89 22  4 14 36 82 
52 43 95 15 36 72 76 94 10 70  9 16 16 78 54 41 49  7  8 23 98 67 77 95 42 78  8 10 39 98 45 40 69 84 34 10 34 73 29 56 88 69  4 89  0 72 94 58 72 76 50  9 89 100 25 26 22 91 29 67 17 95 15 20 86 96 69  4 94 70 54 37 84 61  9 15 83 90 34 100 81 32 88 80 48 92 51 41 84 48 
85 61  1 69 24 94  4 83 79 81 91 10 96 27 61 32  1 56 80  5 44 59 74 47 62 57 59 97 100 77 31 54 39 42 82 11 99 35 89 66 24 47 84 26 72  0 53 19 18  2 83 28 58 24 62  1 65 20 88 91 52 65 10  6 69 44 70 24 78 48 34 82 19 85  3  8 35  9 36 63 59 56 62 17 38 67 10 24 65  1 
15 51 15 63 31 19 37 76  3 15 57 17 63 14 46 48  4 15 95 25 59 28 89 92 88 98 76 79 64 25 24 97  4  7 72 88  8 33 85  6 17 15 80 54 94 53  0 73 47  4 91 25 100 77 81 52 80 17 68 57 90 90 94 42 20 88 21 79 65 23 34 24 34 60 54  4 64 66 81 33 18 94 82 86 37 42 91 69 99 87 
21 90 29 23 43 21 61 42 99 78  3 46 89 42 35 98 26 10 15 59 13 42 36 51 92 98 15 87 100 64 80 84 79 31 53 40 14 25 27 82 92 20 36 40 58 19 73  0 52 54 44 51 21 22 69 65 56 39 71 89  3 35 70 30 57 78 45 77 99 57 83 99 79 42 84 22 39 42 58 66 60 37 71 96 85 79 48  3 93  1 
27 57 28 27 96 93 84 11 25 35 38 67 29 75 27 19 50 89  1 55  5 12 30 37 98  5 27 86 55 12 77 48 10 43 73 42 94 85  8 81 94 53 63  6 72 18 47 52  0 59 47 72 26 21 98 67 70  6 14  9 30 48 11 63 10 92  1 100  2 13 17 15 60 96  3 29 33 94 35 85 39 13 30 45 98 19 99 22 78 46 
83 89 12 45 92  6 78 69 81 25 74 20 15 98 65 84 64 54 47  1 47 63 50 99 59 84 87 79 30 61 26 20  4 16 47 87 17 96 46 41 56 60 18 62 76  2  4 54 59  0 26 62 62 54 19 89 36 93 96 98 33 99  5 16 21 71  9 98 38  7 70 74 41 13 60 21 71 64 76 71  1 54 61  5 51 59 72 87 11 58 
 8 56 41 87 71 58 67 49 22 62 57 13 18 76 74 13 75 62 56 16 38 71 60  2 35 82 17 81 33 87 92 37 35 91  6 70 62 31 91 85 78  9 40 39 50 83 91 44 47 26  0 45 78 49 12 11 33 66 24 31 93 95 39 14 81 53 58 82 11 41 38 21 85 35 14 99 83 65 90 24 90 35 60 13 32 48 74 38 79  2 
97  7  6 16 74 70 16 55 86 58 45 92 55 37 49 87 94 73 70  1 72  9 81  5 86 19  1  1 80 76 43 92 84 76 65 41 41 11 43 66 19 17 92 54  9 28 25 51 72 62 45  0 57 37 66  8 32 47 95  3 54 84  9  9 59 74 85 80 72 51 69 58 22 99 34 84 18 28  1 74 92 57  8 59 52 48 93 80 27 64 
58 66 83 50 72 95 84 38 79 20 22 49 24 35 35 22 44 85 94 13 67 72 93 55 19 34 59 16 95 57  7 38 100 62 24 40  9 75 37 18 26 64 62  3 89 58 100 21 26 62 78 57  0 10 14 18 63 12 91 84  1 95 57 27 30 36 77 33 24 47 16 31 72 90 15  1  9 57 55  2 99 39 69 67  5 44 49 37 49  6 
13 31 96 81 66 95 100 98 94 80 86  4 67 94 22 47 54 73 28 43 69 99 84 97 93 55 51 61 27 72 89 19 96 44 97 75 35 53 31 68 58  9 74 16 100 24 77 22 21 54 49 37 10  0 75  6 27 59 100 88 33 36 14 84 29 30 77 97  7 70 71 77 52 19 94 19 58 99 94  7 19  7 11 65 32 30 68 85 11 65 
60 37 84 32 72 14 33 77 32 100 44 36 47 52 94 40 28 42 10 67 52 83 90 69 77  7 90  2 42 34 86 51 94 84  3 36 12 90 78 46  6 14 75  6 25 62 81 69 98 19 12 66 14 75  0 82 34 80 19 61 52 52 88 67 75 91 16 64 35 19 85  7 54 64 80 35 24 74 82 40 14 84 73 27  6 73 69 90 72 24 
78 20 47 37 86 55 44 39 51 53 33 17 98 75 37 29 32 23 63 19 89 30 39 71 77 49 40 19  1 22 84 25 67 60  8 68 89 71 26 18 94 63 78 24 26  1 52 65 67 89 11  8 18  6 82  0 34 64 34 13 86 35 45 94 17 74 38 51 42 52 99 55 47  9 100 33 34 35 17 35 51 39 63 67 41 97 40 83 94 60 
53 47 47 77 47 81  1 42 59 93 11 78 78 57 27 55 59 91 62 94  9 49 72 98 50 96 59 42 93 37 85 86 70 43 85 35 99 22 25 24 71  7 15 28 22 65 80 56 70 36 33 32 63 27 34 34  0 38 19 98 21 12 76 25 22 92 71 70 98 11 18 43 60 20 73 75 13 13 16  6 12 22  3 96  1 32 26 35 38 87 
44 52 44 62 14 82 26 32 40 29 17 53 30 95 32 84 45 19 34 60 27 20 63 37 64  1 52 15 95  8 93  8 11 85 63 40 50 74 95 65 32 26 31 70 91 20 17 39  6 93 66 47 12 59 80 64 38  0 22 82 94  7 86 25 15 41 49 76 11 31 49 11 86 70 31 73 92 69 83 60 92 82 34 56  9 82 15 61 86 82 
 6 88 18 92 39 32 81 84 65 15  6 33 96 60 63 92 57 64 90 22  2 24 78 66 45 24 55 47 52 86 28 15 99 82 48 36 73 73 31  4 100 63 91 26 29 88 68 71 14 96 24 95 91 100 19 34 19 22  0  3 68 48 74 13 17 35 23 22 70 53 95 78 31 18 97 23 90 61 71  9 55 97 99 20 85 71 15 89 37 74 
40 12 78 84 50 36 42 71 56 94 82  6 45 15 49 16 16  2 53 12 88 23 86 14 16 96 66 63 92 71 91 62 54 15 40 31 14 40 35  7 100  4 90  5 67 91 57 89  9 98 31  3 84 88 61 13 98 82  3  0 11 73 63 84  9 51 55 59 75 83 37 59 16 62 73 38  1 46 39 92 81 88 23 67 82 37 54 65 60 26 
19 94 74 48 86 37 10 71 37 91 95 99 29 15 45 27 40 38 32 21  4 40 43 32 25 59 50  3 44 69 92 76 44 30 30 50 92 51 20 37 31 10 68 57 17 52 90  3 30 33 93 54  1 33 52 86 21 94 68 11  0 78  1 99 44 99 97  5 69 45 55 94 57 16 22 79 82 67 22 30  2 21 20 90  1 39 80 82 54 98 
50 40 69 42 17 11 74 10 54 49  2 96 82 94 41 41 33 58 91 39 92 57 33 14 24  6 13 94 47 95 25 33 21 92 87 100 84 83  8 17 52 94 89 97 95 65 90 35 48 99 95 84 95 36 52 35 12  7 48 73 78  0  8 55 81 39 15 20 30 88  4 76  7 27 61 52 28 92 98 83 27 73 89 77 69  6 88 96 47 11 
90 21 56 31 48 34 48 32 39 20 99 84 16 84 86 15 15 92 89 66 40 11 69 29 87 44 31 62  9 11 17 48 21  7 73 12 84 72 40 33 76 38 16 94 15 10 94 70 11  5 39  9 57 14 88 45 76 86 74 63  1  8  0 35 29 52 35 44 66 13  7 74 23 13  9 35 21 86 93 37 54  2 92 33 74  1 53 89 59 46 
23 30 80 59 27 83 15 58 96 89 16 71 86 74 85 20  1 28  4 35 60 14 55 36 24 40 23 88 74 74 28 87 84 56 22 58  5 58 74 16 13 88 76 28 20  6 42 30 63 16 14  9 27 84 67 94 25 25 13 84 99 55 35  0 56 39 74 28 13 87 49 67 25 70 38 77 33 59 31 35  5 11 86 10 37 63 61 35 40 63 
97 11  1 68 80 39 99 28 53 16 45 91 18 25 80 53 90 98 15 98 99 75  4 10 65 69 84 60 67 98 86 10 72 36 45 58 60 30 55 32 26 30 17  6 86 69 20 57 10 21 81 59 30 29 75 17 22 15 17  9 44 81 29 56  0 86  4 15 29 42 22 100 77 17 54 77 42 21 73 100 99 85 100 51 38 50 48 55 90  9 
68 45 96 19 79 16 30 79 11 52  8 57 20 63 95 13 100 86 59 64 35 15 29 12 57 85 35  8 43 47 35 88 82 44 42 57 29  6 11 47 23 55 70 55 96 44 88 78 92 71 53 74 36 30 91 74 92 41 35 51 99 39 52 39 86  0 88 53 43 50 93 75 19 69 10 68 90 15 37 87  1 42  7 43 38  9 37  6 73 40 
20 30 72 77 93 91 100 74 26 64 54 59 97 90 53 38 81 37 45  6 93  6  1 58 65 26 88 59 49 38 55 51 53 17  8 86 37  4 67 76 72 11 50 18 69 70 21 45  1  9 58 85 77 77 16 38 71 49 23 55 97 15 35 74  4 88  0 31 21 70 68 96 12 53 100 70 83 24 78 81 95 95  7 96 92 83 32 66 63 32 
23 21 39 89 81 98 80 39 38 31 89 29 21 56 69 24 95 94 94 34  8 28 47 73 85 27 100 65 27  4 87 28 71 71 95 77 39 15 65 98 47 46 92 100  4 24 79 77 100 98 82 80 33 97 64 51 70 76 22 59  5 20 44 28 15 53 31  0 89 51 47 31 90 71 89 46 77 40 100 75 63 79 49 14  9 85  6  1 52 59 
57 81 98 78 74 28  8 71 30 73 57 37 49 58 37 53 44 83 48 52 25 51 47 51 100 85 39 31 48 80 18 54 13 11 55 87 26 79 85 53 29 16 41 69 94 78 65 99  2 38 11 72 24  7 35 42 98 11 70 75 69 30 66 13 29 43 21 89  0 73 37 74  1 71 40 84 23 55 23 18  6 59 71 50 58 31 31 29 45 45 
 2 95  2 17  2  7 64 90 67 45 96 97 10 76 83 18 56 48 81 82 24 29  9  4 86  7 11 15 87 11 52 64 61 55 26 34 41 32 27 20 52 40 60 63 70 48 23 57 13  7 41 51 47 70 19 52 11 31 53 83 45 88 13 87 42 50 70 51 73  0 31 88 59 38 54 42 27 72 56 83 86 33 49 18 25 32 71 21 24 10 
93 29 86  8 18 13 61 39 74 50 10 24 88 83 19 87 100 14 51 27 28 54 79 35 73 90 55 64 51 52 23 36 62 39 26 77 95 88  1 71 88 56 19  2 54 34 34 83 17 70 38 69 16 71 85 99 18 49 95 37 55  4  7 49 22 93 68 47 37 31  0 18 86 35 80 49 85 20 34 69 55 48 13 18 31 10 11 50 31 89 
96 93 83 35 73 37 40 30 91 22 89 64 63 54 15 69 24 95 61 14 63 72 79 11 73 48  5 57 51 26 77 58 14  2 61 82 100 14  7 86 16 87 14 80 37 82 24 99 15 74 21 58 31 77  7 55 43 11 78 59 94 76 74 67 100 75 96 31 74 88 18  0 75 34 45 42 97 75 25 77 13 35 78 92 73 24 93 21 48 97 
91 89 50 78 19 50 27 95 35 51 29 65 62 93 30 89 72 87 91 72 18 49 22 76 17 78 65 18 37 73 21 68 14 35 20 69 97 77 25 40 22 87  4 94 84 19 34 79 60 41 85 22 72 52 54 47 60 86 31 16 57  7 23 25 77 19 12 90  1 59 86 75  0 21 90 47 70  5 67 86 20 91 68 65 10 21 50 30 26 79 
94 97 16 61 65  4 74 19 23 79 46 53 55 83 82 40 29 52 54  8 64 100 98 79  8 74 83 26 30 45 94 71 46 92  4 18 65  4 37  9 67 51 59 98 61 85 60 42 96 13 35 99 90 19 64  9 20 70 18 62 16 27 13 70 17 69 53 71 71 38 35 34 21  0 14  6 77 33 93 50 88 47 28 18 61 53 22 15 91 20 
55 58  2 36 37 70 35 34 69  9 85 64 90 74 47  8  5 24 46 98  6 53 39 90 23 100 47 10 39 64 32 64 20 58 56 13 41 11 83 54 40 67 13 100  9  3 54 84  3 60 14 34 15 94 80 100 73 31 97 73 22 61  9 38 54 10 100 89 40 54 80 45 90 14  0 65 95 79 97 62 75  2 68 68 10 74 34 83 64 55 
86 77 46 72 34 28 39 58 18 36 86 100 54 96 80 98 13 86 84  1 81 43 56 43 68 87 19 41 95 76 20 14 90  1 83 26  5  5 11 42 50 54 18 97 15  8  4 22 29 21 99 84  1 19 35 33 75 73 23 38 79 52 35 77 77 68 70 46 84 42 49 42 47  6 65  0 79 45 90 58 20 15 59 36 55 88 84 78 99 26 
98 50 57  1 18 69 38 68 93 72 51 62 79 98 100 27 87 31 87 53 80 75 87 95 60 30 98 62 52 28 28 43 83 23  9 40 91 31 76 23 86 65 30 30 83 35 64 39 33 71 83 18  9 58 24 34 13 92 90  1 82 28 21 33 42 90 83 77 23 27 85 97 70 77 95 79  0 88 71 91 69 57 65 57 58 81 36 71 49 25 
67 26  8 100 62 15 21  5 24 21 35 39  4  6 19 76 51 71  7 32 67 48 63 13 95 52 38 14 35 97 87 55 49 87 58 30  3 37 87 81 17 97 30 49 90  9 66 42 94 64 65 28 57 99 74 35 13 69 61 46 67 92 86 59 21 15 24 40 55 72 20 75  5 33 79 45 88  0  6 100 50 68  6  8 62  3 94 96 17 96 
58 90 86  5 52  5  4 14 93 42 15 22  3 89 78 94 98 77 36 89 36  8 46 99 71 54 65 40 80 87 23 95 25 31 56 72 90 35  7 83 34  8 91 56 34 36 81 58 35 76 90  1 55 94 82 17 16 83 71 39 22 98 93 31 73 37 78 100 23 56 34 25 67 93 97 90 71  6  0 90 83  5 76 37 38 59 19 79 83 65 
56 98  8 17 99 61 69 85 61 35 100 75 47 52 33 60 93 67 62 26  1 16 67 91 47 90 40 65 31 96  8  8 91 67 12 99 97 58 62 26 57 40 35 52 100 63 33 66 85 71 24 74  2  7 40 35  6 60  9 92 30 83 37 35 100 87 81 75 18 83 69 77 86 50 62 58 91 100 90  0 56 74 14 45  2 49 56 59 100 89 
60 42 44 57 97 50 70 57 66 62  4 73 37 62 30 98 97 32 83 29 37 39 65 26  4 46 66 89 52 23 11 78 13 75 42 59 72 96 55 41 59 89 37 53 81 59 18 60 39  1 90 92 99 19 14 51 12 92 55 81  2 27 54  5 99  1 95 63  6 86 55 13 20 88 75 20 69 50 83 56  0 27 70 19 16 62 39  2 11 21 
57 80 47 65 17 89 72 26 12 42 78 68 18 100 78 65 87 92 45  7 42 72 98 93 69 54 21 65 12 32 86 97 70  4 50 47 32 63  1 99 47 46 49 55 32 56 94 37 13 54 35 57 39  7 84 39 22 82 97 88 21 73  2 11 85 42 95 79 59 33 48 35 91 47  2 15 57 68  5 74 27  0  4 89 59 19  6 88 14 61 
51 46 53 61 75 53 18 69 74 61 29 13 78 13 17 34 58 34 98 67  6 43 75 81 55  2 83 52 50 96 21 53 68 48 21 71 55 93 79 40 72 15 77 17 88 62 82 71 30 61 60  8 69 11 73 63  3 34 99 23 20 89 92 86 100  7  7 49 71 49 13 78 68 28 68 59 65  6 76 14 70  4  0 19 95 45 66 83 26 74 
99 97 97 71 32  2 33 60 92 70 45 16 97 23 22 67 39  3 48 21 10 22 26 72 28 44 20 79 27 36 72 33 43  4  4 34 21 17 46  4 53 54 51 96 80 17 86 96 45  5 13 59 67 65 27 67 96 56 20 67 90 77 33 10 51 43 96 14 50 18 18 92 65 18 68 36 57  8 37 45 19 89 19  0 81 78 91 47 92 67 
69 37  8 72 64 34 79 96 71 73 14 72  6 40 59 18 43 88  2  5 71 11 44 47 62 91 66 65 43 85 71 10 83 13 68 22 88  8 81 76 21 58 17 89 48 38 37 85 98 51 32 52  5 32  6 41  1  9 85 82  1 69 74 37 38 38 92  9 58 25 31 73 10 61 10 55 58 62 38  2 16 59 95 81  0 63 73 92 39 65 
44 64 18 50 89 44 18  9 59 64 96 59 40 98 96 52  6 10 26 74 94 30 93 63 54 78  1 87 83 47  5 49 15 11 44 32 55 15 61 60 88  6  4 22 92 67 42 79 19 59 48 48 44 30 73 97 32 82 71 37 39  6  1 63 50  9 83 85 31 32 10 24 21 53 74 88 81  3 59 49 62 19 45 78 63  0 96 89  2 14 
29 79 86 17 92 23 99 52 80 70 72 99 65 92 43 89 59 24 77 21 98 52 12  5 76 30  1 39 77 64 25 51 72 98 60  6 47 97 74 38 57 72 94  4 51 10 91 48 99 72 74 93 49 68 69 40 26 15 15 54 80 88 53 61 48 37 32  6 31 71 11 93 50 22 34 84 36 94 19 56 39  6 66 91 73 96  0 80 62 86 
36 14 62 32 70 36 94 28 98 74 87  4 86 71 42 62 56 24 13 53 91  1 85 41 89 96 80  5 41 71 54 97 43  9  2  8 62  4 55 13 20 12 88 14 41 24 69  3 22 87 38 80 37 85 90 83 35 61 89 65 82 96 89 35 55  6 66  1 29 21 50 21 30 15 83 78 71 96 79 59  2 88 83 47 92 89 80  0 40 70 
80 97 80 57 39 11 76 79 91 91 40 34 77 87  5 76 55 91 11 60 72 90 94  1 22 97 53 79 83 52  4 38 53 66 14 82 51 16 97 60 96 25 44 36 84 65 99 93 78 11 79 27 49 11 72 94 38 86 37 60 54 47 59 40 90 73 63 52 45 24 31 48 26 91 64 99 49 17 83 100 11 14 26 92 39  2 62 40  0 87 
46 78 61 93 97 38 24 87 17 29 55 36 21 62 15 10 39 74 50  1  1 59 59 30 39 44 38 90 70 57 26 73  3  8 96 43 68 64  7  4 43 11 68 82 48  1 87  1 46 58  2 64  6 65 24 60 87 82 74 26 98 11 46 63  9 40 32 59 45 10 89 97 79 20 55 26 25 96 65 89 21 61 74 67 65 14 86 70 87  0 

 0 81 90 54 73 97 81 12 91 89 48 45 24 12 17 89 88 77 44 37 56 67 23 13 66 95 57 88 34 84 20 33 37 97 53  6 36 38 49 58 49 22 22 20 69 86 44 34 32 50 31 45 61 83 31 52 96 12  5  7 15  4 61 13 84 23 10 48 27 47 77  6 60 98  3 15 77 69 23 92 61 91 70 76 67 88 34 43 73 20 
81  0 64 61 81 87 11 83 78 91 74 53 23 10 93 28 100 90 94 67 16 62 65 27 92 82 61 30 23 72 51 17 97 93 24 14 91 88 50 60 85 52 55 92 48 38 26 12 86 95 61 27  8 87 60 34 71  9 54 84 56 63  4 39 66 98  2 93 23 49 22 52 90 16 84 95 84 78 15  3 40 60 74 82 95 30 69 30 33 11 
90 64  0 33 98 43 26 81 75 35 36 61 84 87 75 74 38 80 22 17  4 77 31 96 58 43 75 36 70 96 27 42 94 66 51 56  7 54 78 21 60 17 31 72 33 38 31  9 27 25 52 12 37 43 39 23  1 75 44 100 99 49 53 34 75 36 12 100 81 93 21 53 70 56 37 11 28 59 41 55 47 55 54  8 80 79  2 52 10 11 
54 61 33  0 71 28 100  5  1 61 14 84 78 88 32  8 99 16 98 70 13 19 95 36 36 25 26 83 43 45 82 23 21 30 77  9 93 99 34 97 93 69 100 44 85 86  5 100 19 34  3 48  8 87 30 76  3 94 77 66 91 25 24 42 36 92 83 22 82 44 54 51 88 11 45 47 53 69 23 69 49 32 96  5 52 21 71 58 29 27 
73 81 98 71  0 59 20 92 42 40 46 61 48 80 40 54 44 98  4 86  9 17 95 77 97 76 59 100 50  1 11 89 44 21 87 21 61 26 31 85 100 50 65 84 94 23 37 93 32 17  6 80 79 12 61 41 55 58 70 14 39 100 99 39 24 47 28 53 59  1 58 70 93 21 98 48 80 96 54  7 80  2 67 40 93 90 95 91 53 46 
97 87 43 28 59  0 96 95 53 46 35 23 49 99 12 45  1 83 20 35 28 62 73 32  7 53 84 21 95 73 63 90 93 88 48 98 87 11 41 95 26 31 83 57 51 38 50 73 44 66 12 87 78 39 95 47 27 38 92 38 79 68  4 55 57 41 24 79 23 34  6  2 72 18 69  2 82 85 15 76 29 24 47 34 89 72  2 28 48 61 
81 11 26 100 20 96  0 46 37 64 37 73 31 41 67 22 37 51 38 51 53 86 79 53 96 22 42 38 89 69 47 92 28 52 66  8 77 95  5 59 57 43 53 76 75 28 28 10 21 84 50 48 79 35 48 41 67 12 93  2  3 78 28 28 31 25 13 80  1  8 40 57 88 100 28  9 12 54 33 27  5 80  7 37 89 87 10  5 96 61 
12 83 81  5 92 95 46  0 20 92 99 38 42 48 64 58 17 61 32 55 90  6 84 84 88 62 13 73 15 67 31 19 39 73 38 18 71 28 42 65 89 71 89 79 70 26 77 71 38 82 24 64  6 56 82 80 22 86 33 81 65 78 71  4 28 41 58 26 27 23 37 14 94 73 59 86 52 83 28 42 75 47 70 65 30 75 60 11 23 59 
91 78 75  1 42 53 37 20  0 43 49  6 68  9 86 78 59  4  1 20 54 48  1 55  2 68 71 17 15 64 74 78 32 69 48 34 54 22 14 95 19 24 29 92 91 19  2 89 12 68 29 35 93 94 73 17 26  9 43 18 76 96 10 36 12 70 17  2 84 89 79  2 13 30 93 17 83 57 37 15 64  9 56 19 65 35 75 46 86 37 
89 91 35 61 40 46 64 92 43  0 75 82 10 95 88 71 42 76 86 61 52 58 87 58  4 27 39 88 65 62 11 34 69 22 99 33 74 58 93 29 12 88 82 87 52 75 57  2 17 42 40 72 78 36 88 24 85 75 70 97  1 36 22 72  1 18 76 44 84 64 57 95 27 52 81 90 41 76 36 18 41 63 45 67 56 18 15  5 64 93 
48 74 36 14 46 35 37 99 49 75  0  7 39 57 74 42  4 42 85 34 96 45 30 55 49 79 28 90 27 33 21 71 99  4 39 26 77 40 27 48 38  5 37 20 87 30 60  5 54 67 43 92 73 42 81 99 91 41 42 98 87 52 43 17 39 79 13 32 45 95 86 75 41 53 47 40 57 36  5 90  2 36 96 66  5 52 50 90 95 64 
45 53 61 84 61 23 73 38  6 82  7  0 65 12 76 43 85 40 56 51 73 56 64 62 10 26 94 74 19 71 90 89 91 29 38 90 15 16 10 96 70 67 76 13 23  7 93 26 52 92 36 34 21 50 49 35 44 66 38 43 50 37 31 79 24 87 93  4 60 33 45 99 95 80 61 77 40  2 75 51 75 72 57 99 60 88 36 32  2 81 
24 23 84 78 48 49 31 42 68 10 39 65  0 14 21 10 55 88 48 77 38 95 44 21 49 40  4 29 90  5  5  9 62 100 85 24 79 82 15 18 46 51 46  7 31 73 35 85 44 100 20 37 76 68 25 13 54  9 54 41  2 55 92  6 100 15 32 18 51 16 77 58 26 79 72 38 54 53 68 35  5 63 92 38 33 90  6 58 56  6 
12 10 87 88 80 99 41 48  9 95 57 12 14  0 54 68 75 90 55  2 41 92 83 32 12 31  1 34 41 10 68 70 81  1 95 76  6 46 70 57 13 73 52 73 90 45 76 100 61 28  8 96 98 40 16 28 44  9 30 96 35 100 76 45 25 41 21 24 12 34 49 21 25  5 63 82 36 35 33 26 33 78 35 43 12 87 15 67 61  1 
17 93 75 32 40 12 67 64 86 88 74 76 21 54  0 54 42 39 10 95 21 45 15 24 27  3 70 84 53  9 74 89 62 29 73 16 42 64  5 33 87 34 98 88 60 79 87 77 99 10 66 61 17 39 33 83 18 68 76 11 55 60 14 38 37 17 31 89 69 99 68 97 91 15 79 60 70 56 82 28 19 50 81 92 42 89 16 95 38 35 
89 28 74  8 54 45 22 58 78 71 42 43 10 68 54  0 73 97 66 11 24 77 35 50 91 48 17 69 99 63 88 46 53 55 80 88 15 19 94  4 38 99 74 93 26 15  7 21 31 52 94 60 23  5 91 90 21 42 65 80 61  1  5 98 68 69 63  4 45 44  6 46 89 80 73 70 20 55 45 24 96  7 57 24 46 89 42 77 18 79 
88 100 38 99 44  1 37 17 59 42  4 85 55 75 42 73  0 39 22 85 58 84 21 43 77 22 39 73 85 55 14 29 24 83 45 59 22 99 62 79 30 16 69 64 13 21 74 50 77 90 61 30 84 54  6 80 32 45 23 32 77 24 76  1 66 61 88 26 49 84 12  8 35 57 26 53 69 27 99 58  3  2 16 45 68 18 51 22 17 32 
77 90 80 16 98 83 51 61  4 76 42 40 88 90 39 97 39  0 95 99 45 47 51 68 43 81 51 37 23 63 81 92 78 11 23 25 20 99 45  4 99 92  9 73 65 61 100 60 28 96 91 64 75 17 56 32 54 22 59 26 56 11  6 91 61  9 40 84 49 89 26  7 78 84 60  4  9 52 35 97 42 99 27 39 18 27 34  1 61 80 
44 94 22 98  4 20 38 32  1 86 85 56 48 55 10 66 22 95  0 24 45 15 60  8 55 75 31 100 87 91 62 45 94 18 50 98 81 19 72 84 52 15  5 26  1 84 21 51 52 76 33 41 62 29 36 95 79 32 97 25 31 95 27 32 24 80 57 69 35  6 48 67 60  5 26  9 12 92 43 94 64 47 70 38 85 39 46 83 98 12 
37 67 17 70 86 35 51 55 20 61 34 51 77  2 95 11 85 99 24  0 57 84  9 23 55 21 57 33 99 59 79  4 80 25  1  8 77 44 24 33 91 98 83 48 15 60 42 55  9  8 47 22 42 12 89  7  4 54 54 40  1  7 37 18 33 47  5 77 37 19 14 86 86 27 71  6 10 55 38 99 68 37 87 38 39 80 17 84 86 26 
56 16  4 13  9 28 53 90 54 52 96 73 38 41 21 24 58 45 45 57  0 39 82 89 43 80 94 90 57 64 87  5 20 51 70 66 42 23 62 91 65 98 33 54 81 43 53 22 84 49 68  9 62 76 41 32 36 46 45 17 87 38 23 60 12  3 59 76  2 50 30  4 11 96 69 88 88  4 22 24 70  6 19 96  2 12 68 51 17 11 
67 62 77 19 17 62 86  6 48 58 45 56 95 92 45 77 84 47 15 84 39  0 88 50  3 35 52 60 57 96 29 13 100 98 44 66 69 60 46  1 60 15 45 30 65 57 35 49 36 78 24 29 72 87 20 66 71 95 80 64 55 26 86 90 60 23  9 88 65 100 62 89 62 85  7 26  9 22 36  2 83 44 79 95 67 89 88 96 32 29 
23 65 31 95 95 73 79 84  1 87 30 64 44 83 15 35 21 51 60  9 82 88  0 10 57 54 80 22  7 49 83 49 74 47 100 33 30  5 99 15 76 63 46 87 100 19 39 46 67 35 83 78 98 71 22 79 16 78 69 79  7 52 37 59  3 71 99 64 28 82  2 14 60 64 78 67 74  4 53 100 32 60 58 23  5 97 53 78 11 80 
13 27 96 36 77 32 53 84 55 58 55 62 21 32 24 50 43 68  8 23 89 50 10  0 67 23 17 47 88 23 46  1 21 79 80 45 35 59  7 68 62 72 38 39 10 50 46 99 69 79 97 55  1 80 91 13  7 42 100 59 90 62 94 79 58 72 21 54 44 74  9  6 10 73 66 90 94 28 79 90 64 49 15 39 86 76 23 25 78 45 
66 92 58 36 97  7 96 88  2  4 49 10 49 12 27 91 77 43 55 55 43  3 57 67  0 75 30 34 68 95 84 49 29 98 34 63 62 77 72  4 79  8 91 50 27 89 56 89 99 98 19 51 64 76 86 63 76 58 66 79  3  5 43 18 88 22 90  4 78 61 34 28 57  9 75 67 54 27  7 47 18 78 100 52 86 67 68 12 37 91 
95 82 43 25 76 53 22 62 68 27 79 26 40 31  3 48 22 81 75 21 80 35 54 23 75  0 54 37 71 85 29 62 52 95 10 85  7 40 28 22 25 15 45 81 31 53 59  2 12 60 75 95  2 47 60 18 43 68 53  3 65 99 32 17 80 70 31 83 93 48 82  2 89 72 75 89 71 47 83 84 41  5 40 58 54 27 10 32 72 60 
57 61 75 26 59 84 42 13 71 39 28 94  4  1 70 17 39 51 31 57 94 52 80 17 30 54  0 93 49 72 44 90 96 89 28 34 67 20 100  3 71 43 20 91 57 29 82  2 76 63 88 27 20 41 43 43  1 61 14 64 33 65 65 37 66 17  1 77  6 66 76 50 32 12 89 95 80 52 35 29 61  8 14 16 79 32 67 92  7 76 
88 30 36 83 100 21 38 73 17 88 90 74 29 34 84 69 73 37 100 33 90 60 22 47 34 37 93  0 31  4 61 21 61 55 44 45 56 60 53 71 53 37 67 65 92 86 87 37 92 14 100 40 57 28 32 31 97 95 86 62 32 38 71 54 87 51 92 51 81 82 37 50 68 29 50 47 28 82 99 47 87 48 90 92 30 45 86 23 67 20 
34 23 70 43 50 95 89 15 15 65 27 19 90 41 53 99 85 23 87 99 57 57  7 88 68 71 49 31  0 70 61 13 53 72 51 72 13 96 41 91 53 99 100 43 85 71 68 15 60 58 91 50 73 67  5 54 57 70 26 20 82 86 75 94 21 17 27 87 95 29  8 71 18 87 86 51 21 37 76 29 29 64 98  8 86 95 72  1 36 65 
84 72 96 45  1 73 69 67 64 62 33 71  5 10  9 63 55 63 91 59 64 96 49 23 95 85 72  4 70  0 76  8 47 26 28 16  6 42 78  6 12 68 62 36 53 53 16 39 94 13 14 93 92 75 40 20 97 14 11 30 54 100 33 83 91  8 44 93 77 13 35 41 90  5 47 27 72 16 13  1  3 45 36 91 20 10 49 22 37 100 
20 51 27 82 11 63 47 31 74 11 21 90  5 68 74 88 14 81 62 79 87 29 83 46 84 29 44 61 61 76  0 18 40  5 100 26 32 91 93 49 57 67 57 94 37 60  3 66 57 35 94 67  2 53 55 54 74 80 80 47  6 28 71 85 97  2 66 59 84 62  6 65 75 50 39 86 97 53 75 59 43  6 89 49 58 57 52  8 88 44 
33 17 42 23 89 90 92 19 78 34 71 89  9 70 89 46 29 92 45  4  5 13 49  1 49 62 90 21 13  8 18  0 79 63 70 32 77 29 14 99 57 54  1 79 46 27 25 62  2 84 63 85 100 67 61 65 44 26 69 22 11 80 62 13 89 70  2 65 99 34 41 90 29 56 33  3 47 68 36 70 65 31 53 59 66 71 92 94 24 30 
37 97 94 21 44 93 28 39 32 69 99 91 62 81 62 53 24 78 94 80 20 100 74 21 29 52 96 61 53 47 40 79  0 21 50 95 45 58 89 55 76 50 20 83  4 99 82 47  1 38 79 80 47 18  2 11 69 95  4  4  5 32 25 10 55  5 12 88 73 58 73 55 94 81 10 17 90 80 60 25 82 13 70 17 24  8 46 98 66 45 
97 93 66 30 21 88 52 73 69 22  4 29 100  1 29 55 83 11 18 25 51 98 47 79 98 95 89 55 72 26  5 63 21  0 64 86 88 89 83 96 21 98 54 33 51  2 61  7 48 90 97  1  1 39 96 13 28  5 22 99 19 78 10 94 51  5 67 100 57 11 30 84 58 45 14 96 24 37 61 28 36  1 74 92 21 22 63 26 79 39 
53 24 51 77 87 48 66 38 48 99 39 38 85 95 73 80 45 23 50  1 70 44 100 80 34 10 28 44 51 28 100 70 50 64  0 31 13 21 11 96 24 52 93  3 98  3 55 56 82 89 55 65 58 55 89 72 85 96 52 66 36 54 57 65 63 56 71  4 36  7 41  2 90 52 11 78 97 86 100 49 86  7 64 25  6  2  8 39 21 68 
 6 14 56  9 21 98  8 18 34 33 26 90 24 76 16 88 59 25 98  8 66 66 33 45 63 85 34 45 72 16 26 32 95 86 31  0 36 21 59 56 100 66 15 94 93 81 26 41 36 97 62 93 17 44 46  9 10 26 57 31 46 34 71  4 22 80 47 59 84 43 81 30 45 84 55 32 98 91 26 100 47 86 20 76 97 11 24 78 64 90 
36 91  7 93 61 87 77 71 54 74 77 15 79  6 42 15 22 20 81 77 42 69 30 35 62  7 67 56 13  6 32 77 45 88 13 36  0 15 85 16 75 68 18  5 17 89 91 71 96 70 85 21 96 97 86 20 51 63 19 65 68 54 99 91 54 100  2 81 47 37 79 85 98 87 27 27 42 16 96 56 94 90 63 42 23 42 52 20 10 58 
38 88 54 99 26 11 95 28 22 58 40 16 82 46 64 19 99 99 19 44 23 60  5 59 77 40 20 60 96 42 91 29 58 89 21 21 15  0 94 15 35 11 49 23 95 41 47 16 100 64 12 19 22 70 80 63 40 27  2 82 98 25 57 67 88 98 48 99 55 31 26 14 28 97 43 94 33 53 94 28 32 56 40 28 28 32 12 52 85 70 
49 50 78 34 31 41  5 42 14 93 27 10 15 70  5 94 62 45 72 24 62 46 99  7 72 28 100 53 41 78 93 14 89 83 11 59 85 94  0 89 82 97 23 58  6 47 71 89 40 79 47 66  4 91 78 81  5 74 13 86 62 96 32 12 14  1 46 70 15 25 62  7 64 75 98 28 43 86 58 19 78 32 19 53 27 99 81 34 35 29 
58 60 21 97 85 95 59 65 95 29 48 96 18 57 33  4 79  4 84 33 91  1 15 68  4 22  3 71 91  6 49 99 55 96 96 56 16 15 89  0 54 33 89 37 78 51 74 68 21  3 80 35 49 80 95 80 27 78 33 45  7 11 33 96  7 32 86 35 11 56 76 77 31 51  7 98 100 96 93 75 73  7 34 60 61 14 89 16 100 47 
49 85 60 93 100 26 57 89 19 12 38 70 46 13 87 38 30 99 52 91 65 60 76 62 79 25 71 53 53 12 57 57 76 21 24 100 75 35 82 54  0 27  3 94 58 64 48 98 77 100  9 45 71 98 10 59 46 70 22  3 53 69 42 94  6 89 31 45 67 25 29 40 93 80 10 69 75 65 32 21  3 13 79 98 91 82 47 48 68 40 
22 52 17 69 50 31 43 71 24 88  5 67 51 73 34 99 16 92 15 98 98 15 63 72  8 15 43 37 99 68 67 54 50 98 52 66 68 11 97 33 27  0 64 83 89 70 14 77 48 72 41  8 12 19 49 93 68  9 94 92 92 85 54 29 88 17 50 85 31 52 84  1 62 23 43 45 60 30 58 85 74 46 91 89 32 89 11  3 52 40 
22 55 31 100 65 83 53 89 29 82 37 76 46 52 98 74 69  9  5 83 33 45 46 38 91 45 20 67 100 62 57  1 20 54 93 15 18 49 23 89  3 64  0 37 98 82 70 89 55 76 59 36 30 10 98 89 39 28 47 77 72 54 60 97 15 74 57 82 92 95 36 44 45 88 63 42 69 20 25 80 57 23 93 82 50 63 67 82 97 52 
20 92 72 44 84 57 76 79 92 87 20 13  7 73 88 93 64 73 26 48 54 30 87 39 50 81 91 65 43 36 94 79 83 33  3 94  5 23 58 37 94 83 37  0 44 54 100 56  8  1 96 77 86 14 20 17 35 30 34 84  2  1 32 20 33 45 97 27 45 41 92 25 31 39 29 24 24 56  6 35 61 99 28 96 76 81 72 10 16 65 
69 48 33 85 94 51 75 70 91 52 87 23 31 90 60 26 13 65  1 15 81 65 100 10 27 31 57 92 85 53 37 46  4 51 98 93 17 95  6 78 58 89 98 44  0 49 67 90 16 93  6 34 90 89 21  1 17 26 45 22  1 69 15 84 23 46 70 52 91 88  1 79 38 54 28 88 54 60 51  5 22  7 23 23 93 13 73 80  1 38 
86 38 38 86 23 38 28 26 19 75 30  7 73 45 79 15 21 61 84 60 43 57 19 50 89 53 29 86 71 53 60 27 99  2  3 81 89 41 47 51 64 70 82 54 49  0 43 46  2 27 15 71 88 16 58 29 73 77 53 78 70 79 87  3 24 73 13  8 63  4 85 17 12 99 76 92 85 15 62 93  9 99 77 95 37 87 72 64 93  7 
44 26 31  5 37 50 28 77  2 57 60 93 35 76 87  7 74 100 21 42 53 35 39 46 56 59 82 87 68 16  3 25 82 61 55 26 91 47 71 74 48 14 70 100 67 43  0 14 37 71 50 17 93 22 51 19 80 85 93 96 79 74 77 33  7 49 13 84 36 67 51 88 38 51 42 33 54 25 47  8 53 20 55 48 14 37 37 91 94 61 
34 12  9 100 93 73 10 71 89  2  5 26 85 100 77 21 50 60 51 55 22 49 46 99 89  2  2 37 15 39 66 62 47  7 56 41 71 16 89 68 98 77 89 56 90 46 14  0 79 37 28 90 93 17 83 21 19 65 82 65 74 53 58 10 100 45 23  7 72  2 67 33 51 64 65 44 21 90 61 97 49  1 93 30 56 43 92 24 48 58 
32 86 27 19 32 44 21 38 12 17 54 52 44 61 99 31 77 28 52  9 84 36 67 69 99 12 76 92 60 94 57  2  1 48 82 36 96 100 40 21 77 48 55  8 16  2 37 79  0 44 33 30 33  8 12 34 50 25 63 64 66 78 35 51 31 49  2  7 88 77  1 99 73 27 76  7 41  1 10 34 75 36 82 21 64 85 71  2 58 56 
50 95 25 34 17 66 84 82 68 42 67 92 100 28 10 52 90 96 76  8 49 78 35 79 98 60 63 14 58 13 35 84 38 90 89 97 70 64 79  3 100 72 76  1 93 27 71 37 44  0 70 78 56 22 82 94 39 23 14 53 43 43 19 46 41 14 80  4 43 43 77 24 71  7 26 12 43 74 37 94  7 44 93 96 79 51 18 86 27  9 
31 61 52  3  6 12 50 24 29 40 43 36 20  8 66 94 61 91 33 47 68 24 83 97 19 75 88 100 91 14 94 63 79 97 55 62 85 12 47 80  9 41 59 96  6 15 50 28 33 70  0 15 46 79 33  1 27 72 30 61 59 17 53 95 64 87 35 51 23 78 35 67 87 60 92 92  9 92 58 95 83 59 85 21 41 95 18 68 22 63 
45 27 12 48 80 87 48 64 35 72 92 34 37 96 61 60 30 64 41 22  9 29 78 55 51 95 27 40 50 93 67 85 80  1 65 93 21 19 66 35 45  8 36 77 34 71 17 90 30 78 15  0 22  5 89 43  9 80 52 11 41 41 33 54 34 38 78 59 27 83 74 62 19 98 81 70 91 95 88 45 52 68 24 79 88 16 10 86 20 10 
61  8 37  8 79 78 79  6 93 78 73 21 76 98 17 23 84 75 62 42 62 72 98  1 64  2 20 57 73 92  2 100 47  1 58 17 96 22  4 49 71 12 30 86 90 88 93 93 33 56 46 22  0  1 84  2 12 82 45 62 92 83 90 31 16 89 99 66 85 63 27 62 42 79 100 90 13 53 29 82 78 77 19 32 33 31 39 43 52 84 
83 87 43 87 12 39 35 56 94 36 42 50 68 40 39  5 54 17 29 12 76 87 71 80 76 47 41 28 67 75 53 67 18 39 55 44 97 70 91 80 98 19 10 14 89 16 22 17  8 22 79  5  1  0 44  6 56 36 66 42 48 67 22 60 12 33 46  2 75 62 22 34 81 17 90  4  2 16 25 81 69 96 96 74  7 20  4 27 32  2 
31 60 39 30 61 95 48 82 73 88 81 49 25 16 33 91  6 56 36 89 41 20 22 91 86 60 43 32  5 40 55 61  2 96 89 46 86 80 78 95 10 49 98 20 21 58 51 83 12 82 33 89 84 44  0 57 27 29 96 67 52 88 27 30 100 99 61 27 61 35 87 16 80 68 81 16 94 37 56 89  3 69 27 49 74 53  1 90 21 12 
52 34 23 76 41 47 41 80 17 24 99 35 13 28 83 90 80 32 95  7 32 66 79 13 63 18 43 31 54 20 54 65 11 13 72  9 20 63 81 80 59 93 89 17  1 29 19 21 34 94  1 43  2  6 57  0 89 33 35 13  5 67 52 82 15 22 15 22 70 66 63 14 54 71 48 68 91 17 91 90 73 16 93 88 70 13 24 12 94 94 
96 71  1  3 55 27 67 22 26 85 91 44 54 44 18 21 32 54 79  4 36 71 16  7 76 43  1 97 57 97 74 44 69 28 85 10 51 40  5 27 46 68 39 35 17 73 80 19 50 39 27  9 12 56 27 89  0 41  9 88 25 37 82 62 52 96 56 56 97 67 16 14 83 63 92 62 23 52 87 27 94 44 47 68 49 44 91 52 58 40 
12  9 75 94 58 38 12 86  9 75 41 66  9  9 68 42 45 22 32 54 46 95 78 42 58 68 61 95 70 14 80 26 95  5 96 26 63 27 74 78 70  9 28 30 26 77 85 65 25 23 72 80 82 36 29 33 41  0 41 21 50  7 67 93 14 84 13 95 75 79 97  6 62 19 62 40 80 11  5 17 50 90 54  7 75 19 34 69 90  9 
 5 54 44 77 70 92 93 33 43 70 42 38 54 30 76 65 23 59 97 54 45 80 69 100 66 53 14 86 26 11 80 69  4 22 52 57 19  2 13 33 22 94 47 34 45 53 93 82 63 14 30 52 45 66 96 35  9 41  0  1 19 93 85 12 69 98 89 29 19  2  1 73 52 55 74  8 64 25 11 18 14 77 15 43 63 70 61  8 83 27 
 7 84 100 66 14 38  2 81 18 97 98 43 41 96 11 80 32 26 25 40 17 64 79 59 79  3 64 62 20 30 47 22  4 99 66 31 65 82 86 45  3 92 77 84 22 78 96 65 64 53 61 11 62 42 67 13 88 21  1  0 23 97 70 61 83 46 24  6 31 27 25 36 24 58 75 49 70 57 89 47 89 12 94 21 11 23  7 82  3 85 
15 56 99 91 39 79  3 65 76  1 87 50  2 35 55 61 77 56 31  1 87 55  7 90  3 65 33 32 82 54  6 11  5 19 36 46 68 98 62  7 53 92 72  2  1 70 79 74 66 43 59 41 92 48 52  5 25 50 19 23  0 82 26 97 21 51 82 38 75 39 74 82  4 79 64 39 82 68 87 29  8 84  3 42 83 17 74 80 29 89 
 4 63 49 25 100 68 78 78 96 36 52 37 55 100 60  1 24 11 95  7 38 26 52 62  5 99 65 38 86 100 28 80 32 78 54 34 54 25 96 11 69 85 54  1 69 79 74 53 78 43 17 41 83 67 88 67 37  7 93 97 82  0 88 63 56 17 21 58 68 98 45 31 77 61 77 43 53 55  2 49 95 35 85 49 92 53 45 51 10 46 
61  4 53 24 99  4 28 71 10 22 43 31 92 76 14  5 76  6 27 37 23 86 37 94 43 32 65 71 75 33 71 62 25 10 57 71 99 57 32 33 42 54 60 32 15 87 77 58 35 19 53 33 90 22 27 52 82 67 85 70 26 88  0 98 92 58  5 36 59 57 62 42 42 64 78 12 59 15 60 70 67  7 65  1 72 41 63 84  8 16 
13 39 34 42 39 55 28  4 36 72 17 79  6 45 38 98  1 91 32 18 60 90 59 79 18 17 37 54 94 83 85 13 10 94 65  4 91 67 12 96 94 29 97 20 84  3 33 10 51 46 95 54 31 60 30 82 62 93 12 61 97 63 98  0 34 31 14 15 73 87 28 23 98 26 12 55 99 74 37 84 80 99 96 99 55 52 70 55 84 11 
84 66 75 36 24 57 31 28 12  1 39 24 100 25 37 68 66 61 24 33 12 60  3 58 88 80 66 87 21 91 97 89 55 51 63 22 54 88 14  7  6 88 15 33 23 24  7 100 31 41 64 34 16 12 100 15 52 14 69 83 21 56 92 34  0  8 87 36 72 82  5 88 29 74 53 58 42 55 23 79 16 34 21 46 36 14 14 86 26 89 
23 98 36 92 47 41 25 41 70 18 79 87 15 41 17 69 61  9 80 47  3 23 71 72 22 70 17 51 17  8  2 70  5  5 56 80 100 98  1 32 89 17 74 45 46 73 49 45 49 14 87 38 89 33 99 22 96 84 98 46 51 17 58 31  8  0 32  9 58 88 77 80 17  5 29 26 15 18 50 25 15 58 21 14 34 46 50 90 16 96 
10  2 12 83 28 24 13 58 17 76 13 93 32 21 31 63 88 40 57  5 59  9 99 21 90 31  1 92 27 44 66  2 12 67 71 47  2 48 46 86 31 50 57 97 70 13 13 23  2 80 35 78 99 46 61 15 56 13 89 24 82 21  5 14 87 32  0 38 71 46 25 23 70 67 37 41 58 54  8 96 75 90 44 81 25  7 82  1 17 41 
48 93 100 22 53 79 80 26  2 44 32  4 18 24 89  4 26 84 69 77 76 88 64 54  4 83 77 51 87 93 59 65 88 100  4 59 81 99 70 35 45 85 82 27 52  8 84  7  7  4 51 59 66  2 27 22 56 95 29  6 38 58 36 15 36  9 38  0 66 56 34 15 78 26 43 32 80 11 20 80 87 81 50  7 38 16 73 31 69 99 
27 23 81 82 59 23  1 27 84 84 45 60 51 12 69 45 49 49 35 37  2 65 28 44 78 93  6 81 95 77 84 99 73 57 36 84 47 55 15 11 67 31 92 45 91 63 36 72 88 43 23 27 85 75 61 70 97 75 19 31 75 68 59 73 72 58 71 66  0  6 48 17 88 37 39 75 44 32 91 67 24 21 33 45 11 17 80 69 48 54 
47 49 93 44  1 34  8 23 89 64 95 33 16 34 99 44 84 89  6 19 50 100 82 74 61 48 66 82 29 13 62 34 58 11  7 43 37 31 25 56 25 52 95 41 88  4 67  2 77 43 78 83 63 62 35 66 67 79  2 27 39 98 57 87 82 88 46 56  6  0 96  9 92 80 21  3  2 91 65 41 37 65 66 36 61 66 17 26 13  9 
77 22 21 54 58  6 40 37 79 57 86 45 77 49 68  6 12 26 48 14 30 62  2  9 34 82 76 37  8 35  6 41 73 30 41 81 79 26 62 76 29 84 36 92  1 85 51 67  1 77 35 74 27 22 87 63 16 97  1 25 74 45 62 28  5 77 25 34 48 96  0 70 26 26 90 51 77 46  6 49 34 42 29 44 43  6 69 41 77 68 
 6 52 53 51 70  2 57 14  2 95 75 99 58 21 97 46  8  7 67 86  4 89 14  6 28  2 50 50 71 41 65 90 55 84  2 30 85 14  7 77 40  1 44 25 79 17 88 33 99 24 67 62 62 34 16 14 14  6 73 36 82 31 42 23 88 80 23 15 17  9 70  0 67 28 94  1 46 33 90 42 38 73 22 79 96 88 14 28 87 72 
60 90 70 88 93 72 88 94 13 27 41 95 26 25 91 89 35 78 60 86 11 62 60 10 57 89 32 68 18 90 75 29 94 58 90 45 98 28 64 31 93 62 45 31 38 12 38 51 73 71 87 19 42 81 80 54 83 62 52 24  4 77 42 98 29 17 70 78 88 92 26 67  0 30 23 99 61 95 48 57 18 66 62  6 41 12 95 59 19 67 
98 16 56 11 21 18 100 73 30 52 53 80 79  5 15 80 57 84  5 27 96 85 64 73  9 72 12 29 87  5 50 56 81 45 52 84 87 97 75 51 80 23 88 39 54 99 51 64 27  7 60 98 79 17 68 71 63 19 55 58 79 61 64 26 74  5 67 26 37 80 26 28 30  0 97 94 95 46  7 88 19 91 24 49 91 64 74  3  2 59 
 3 84 37 45 98 69 28 59 93 81 47 61 72 63 79 73 26 60 26 71 69  7 78 66 75 75 89 50 86 47 39 33 10 14 11 55 27 43 98  7 10 43 63 29 28 76 42 65 76 26 92 81 100 90 81 48 92 62 74 75 64 77 78 12 53 29 37 43 39 21 90 94 23 97  0 34 79 30 82 34 65 11 51 27  8 98 28 23 98 87 
15 95 11 47 48  2  9 86 17 90 40 77 38 82 60 70 53  4  9  6 88 26 67 90 67 89 95 47 51 27 86  3 17 96 78 32 27 94 28 98 69 45 42 24 88 92 33 44  7 12 92 70 90  4 16 68 62 40  8 49 39 43 12 55 58 26 41 32 75  3 51  1 99 94 34  0 89 11 76  7 86 40 23 61 15 51 86 91 43 60 
77 84 28 53 80 82 12 52 83 41 57 40 54 36 70 20 69  9 12 10 88  9 74 94 54 71 80 28 21 72 97 47 90 24 97 98 42 33 43 100 75 60 69 24 54 85 54 21 41 43  9 91 13  2 94 91 23 80 64 70 82 53 59 99 42 15 58 80 44  2 77 46 61 95 79 89  0 64 76 60  2 96 59 38 89 55 88  1 99 82 
69 78 59 69 96 85 54 83 57 76 36  2 53 35 56 55 27 52 92 55  4 22  4 28 27 47 52 82 37 16 53 68 80 37 86 91 16 53 86 96 65 30 20 56 60 15 25 90  1 74 92 95 53 16 37 17 52 11 25 57 68 55 15 74 55 18 54 11 32 91 46 33 95 46 30 11 64  0 96 18 100 59 56 51 91 24 51 12 33 87 
23 15 41 23 54 15 33 28 37 36  5 75 68 33 82 45 99 35 43 38 22 36 53 79  7 83 35 99 76 13 75 36 60 61 100 26 96 94 58 93 32 58 25  6 51 62 47 61 10 37 58 88 29 25 56 91 87  5 11 89 87  2 60 37 23 50  8 20 91 65  6 90 48  7 82 76 76 96  0  7 78 82 32 50 93 33 81 26 12 38 
92  3 55 69  7 76 27 42 15 18 90 51 35 26 28 24 58 97 94 99 24  2 100 90 47 84 29 47 29  1 59 70 25 28 49 100 56 28 19 75 21 85 80 35  5 93  8 97 34 94 95 45 82 81 89 90 27 17 18 47 29 49 70 84 79 25 96 80 67 41 49 42 57 88 34  7 60 18  7  0 26 96  5 97 38 74 11 97 42 11 
61 40 47 49 80 29  5 75 64 41  2 75  5 33 19 96  3 42 64 68 70 83 32 64 18 41 61 87 29  3 43 65 82 36 86 47 94 32 78 73  3 74 57 61 22  9 53 49 75  7 83 52 78 69  3 73 94 50 14 89  8 95 67 80 16 15 75 87 24 37 34 38 18 19 65 86  2 100 78 26  0 59 69 10 88 16 48 45 67 74 
91 60 55 32  2 24 80 47  9 63 36 72 63 78 50  7  2 99 47 37  6 44 60 49 78  5  8 48 64 45  6 31 13  1  7 86 90 56 32  7 13 46 23 99  7 99 20  1 36 44 59 68 77 96 69 16 44 90 77 12 84 35  7 99 34 58 90 81 21 65 42 73 66 91 11 40 96 59 82 96 59  0 82 94 34 45 94 51 43 86 
70 74 54 96 67 47  7 70 56 45 96 57 92 35 81 57 16 27 70 87 19 79 58 15 100 40 14 90 98 36 89 53 70 74 64 20 63 40 19 34 79 91 93 28 23 77 55 93 82 93 85 24 19 96 27 93 47 54 15 94  3 85 65 96 21 21 44 50 33 66 29 22 62 24 51 23 59 56 32  5 69 82  0 77 74 65 70 20 73 41 
76 82  8  5 40 34 37 65 19 67 66 99 38 43 92 24 45 39 38 38 96 95 23 39 52 58 16 92  8 91 49 59 17 92 25 76 42 28 53 60 98 89 82 96 23 95 48 30 21 96 21 79 32 74 49 88 68  7 43 21 42 49  1 99 46 14 81  7 45 36 44 79  6 49 27 61 38 51 50 97 10 94 77  0 70 30 37 47 83 63 
67 95 80 52 93 89 89 30 65 56  5 60 33 12 42 46 68 18 85 39  2 67  5 86 86 54 79 30 86 20 58 66 24 21  6 97 23 28 27 61 91 32 50 76 93 37 14 56 64 79 41 88 33  7 74 70 49 75 63 11 83 92 72 55 36 34 25 38 11 61 43 96 41 91  8 15 89 91 93 38 88 34 74 70  0  4 54 54  9 80 
88 30 79 21 90 72 87 75 35 18 52 88 90 87 89 89 18 27 39 80 12 89 97 76 67 27 32 45 95 10 57 71  8 22  2 11 42 32 99 14 82 89 63 81 13 87 37 43 85 51 95 16 31 20 53 13 44 19 70 23 17 53 41 52 14 46  7 16 17 66  6 88 12 64 98 51 55 24 33 74 16 45 65 30  4  0 80 71 55 42 
34 69  2 71 95  2 10 60 75 15 50 36  6 15 16 42 51 34 46 17 68 88 53 23 68 10 67 86 72 49 52 92 46 63  8 24 52 12 81 89 47 11 67 72 73 72 37 92 71 18 18 10 39  4  1 24 91 34 61  7 74 45 63 70 14 50 82 73 80 17 69 14 95 74 28 86 88 51 81 11 48 94 70 37 54 80  0 87 41 18 
43 30 52 58 91 28  5 11 46  5 90 32 58 67 95 77 22  1 83 84 51 96 78 25 12 32 92 23  1 22  8 94 98 26 39 78 20 52 34 16 48  3 82 10 80 64 91 24  2 86 68 86 43 27 90 12 52 69  8 82 80 51 84 55 86 90  1 31 69 26 41 28 59  3 23 91  1 12 26 97 45 51 20 47 54 71 87  0 96 78 
73 33 10 29 53 48 96 23 86 64 95  2 56 61 38 18 17 61 98 86 17 32 11 78 37 72  7 67 36 37 88 24 66 79 21 64 10 85 35 100 68 52 97 16  1 93 94 48 58 27 22 20 52 32 21 94 58 90 83  3 29 10  8 84 26 16 17 69 48 13 77 87 19  2 98 43 99 33 12 42 67 43 73 83  9 55 41 96  0 10 
20 11 11 27 46 61 61 59 37 93 64 81  6  1 35 79 32 80 12 26 11 29 80 45 91 60 76 20 65 100 44 30 45 39 68 90 58 70 29 47 40 40 52 65 38  7 61 58 56  9 63 10 84  2 12 94 40  9 27 85 89 46 16 11 89 96 41 99 54  9 68 72 67 59 87 60 82 87 38 11 74 86 41 63 80 42 18 78 10  0 

 0 45 27 85 18 16 89 84 11 58 57 67 100 66 23 62 41 21 53 48 50 12 12 39 44  4 91  3 44 26 24 72 15 12 69 53 27 84  1 81 87  7 78 17 93 89 61 77 11 91 15 62 28 36 67 56 30 67 25  2 57 78 72 55  8 28 30 65  9 52 42 79 30 54 11 92 15 32 33 50 35 34 17 23  7 32 24 12 34 49 
45  0 28 54 84 81 76 98 71 70 12 39  9 26 15 52  4 34 18 93 85 78 89 77 70 76 81  2 59 32 91 73 97 36 74 54 23 55 89 30 48 17  8 57 94  9 88 42 79 24 62 24 87  9 39 52 56 96 19  5 92 58 48 58 47 72 39 19 66 26 47 89 58 52 82 87 80 30 82  6 53 54 68 76 65 44 72 40 13 70 
27 28  0 74 84 53 92 30 48 88 52 28 27 75 88 61 67 87 98 10 22 44 30 15  8 60 92 37 52 99 69 22 61 94 35 16 46 24 13 34 87 84 85 64 30 66 30 99 27 92 39 48 56 54 35 30  4 73 62 18 45 86 31 91 60 33 17 99 51 38 87 11 80 38 20  2 86 16  6 49 40 35 92 78 58 80 32 25 21 63 
85 54 74  0 66 97 100 43  5 95 39 23  3 85 25 83 60 100 11 95 32 62 26 12 79 87 31 54 64  2 75 74 70 70 84 59 54 37 27 64 26 28 71 51 93 67 71 64 49 48 10 96 52 38 32 75 24 62 49 91 14 46 27 37  8 84 17 70 44 37 81 63 73 46 93 40 60 21 99 13 96 100  8  8 75 91 58 25 66  2 
18 84 84 66  0  1 87 46 75 68 52 67 78 88 93 78 40 10 41 45 12  5 28 45 21 70 30 17 48 81 26 70 12 18  2  4 54 98 59 63 60 71 23 40 68 34 68 37  1 12 10 17 85 20 34 49 70 39 88 59 58 62 74 77 77 85 84 93 40 34 80  4 44 77 65 67  2 18 95 53 75 44 63 91  9 69 24 25 38 34 
16 81 53 97  1  0  6 52 98 30 89 97 26 88 74 83 34 74  1 63 38 37 56 85 57 21 33 48 17 82 49 86 59  2 44 18 10 98 28 36 30 87 71 95 86 59 94 31 54 69 69 38 56 59 91 34 55 47 54  6 64 38 24 26  8  8 79 30 99 46 70 47 100 69 85 11 17 63 100 62 31 72 93 34 99  4 23 36 20 65 
89 76 92 100 87  6  0 54 75 74 62 10 49  1 11 85 81 52 80 12 57 72 90 83 31 67 18  5 19 80 90 69 92 11 61 32 74 55 40 90 69 90 72 60 93 24 20 54 20  9 36 73 65 61 20 81  8 67 89 44 79 99 74 66 55 73 66 60 95 96 80 54 77 85  3 99  1 49 64 59 92 58  9 100 46 17 83 85 48 40 
84 98 30 43 46 52 54  0 47 41 94 71 90 31 72 32 45 59 21 22 17 55 71 65 92 30 33 44 14 92 85  1 65 100 14 92 23 73 51 19 14  2 25 23 37  3  3 18 43 59 19 54 61 22  9  2 81 16 56 45 14 100 24 95  9 61  8 60 55  6 70 70 70 66 33 32 97 49 46 58 44 49 11 99 14 18 60 98 47  8 
11 71 48  5 75 98 75 47  0 18 80 63 61 81 23 41 64 47 36 54 45 26 48 56 16 81 11 93  8 46 100 88 36 72 90 11 81 27 67 93 70 94 98 12 64 21 62 66 36 34 76  7 11 72 82  9 96 61 44 69 18 95 57 100 60 65 14 96  3  4 27 18 25  6 39 30 14  4 31  2 50 97  5 56 27 11 28 48 91  3 
58 70 88 95 68 30 74 41 18  0 87 12 84 93 46 81 94 33 36 42 90 33 47 58 55 87 77 57 99 77 83 78 96 17 72 17 68 64 21 51 44 83 20 13 85 72 17 14 31 75 87 37 82 76 14 41 54 63 75 51 93 25 74 34 74 45 26 52  9 50 95 78 18 44 73 100 41 72 56 34 18 66 83 37 46 90 24 91 48 11 
57 12 52 39 52 89 62 94 80 87  0 51 64 42  3 82 92 41 30 92 57 72 31 85 93 94 50 23  7 55 69 79 12 69 41 84 95  6 20 75 100 15 84 84 91 85 73 32 43  4 36 84 65 14 30 89 70 28 55 70 68 26  7 23 22 29 40 17 14 74 52 30 92 46 33 23  1 19 79 17 17  5 30 17 17 61 88 82 93 99 
67 39 28 23 67 97 10 71 63 12 51  0 15  5 13 11 55 41 15  7 26 88 65  7 77 48 39 18 38 79  4 27 42 71 92 57 79 30 78 59 59 59 15 96 72 13 82 37  3  4 20 55 71 29 55 44 22 86 90 25  1 52 59 88 22 97 32  4  9 33 18 35 65 54  7  7 57  2 31 41 28 16 47 79 73 93 59 67 55  5 
100  9 27  3 78 26 49 90 61 84 64 15  0 59 17 52 60 76 38 96 65 92 81 20 90 11 17 13 75 19  5 66 60 59 71 60 62  1 73 96 44 86 78 70 14 48 14 10 21 57 57 12  3 51 49 31 31 92 71 33 52 13 87 71 48 32 18 56 95 94 55 30 43 63 66 97 85  5 82  7  1 20 61 83 40 73 24 35  1 86 
66 26 75 85 88 88  1 31 81 93 42  5 59  0 72 95 79 37 43 50 13 40 88 78 98 43 57  3 50 11 64 75  3 55 14 83 14 84 99 71  6 96 35 70 48 12 49 25 35 49 42 94 93 31 63 68 29 54 14 16  9 49 85 87 93 88 23 48 58  8 82 75 84 31 25 66 35  1 87 68 87 22 50  2  8 28 90 32 49 55 
23 15 88 25 93 74 11 72 23 46  3 13 17 72  0 64 34 90 45 33 62 37 74 12 59 63  9 57 62  1 38 58 83 12 83 88 51 21 23 50 78  9 27 91 46 38 49 42 17 11 51  2 70 14 31 68 41 65 17 53 84 94  2 81 10 75 95 46 13 84 36  3 82  3 11 15 47 98 20 15 73 47 97 74 12 17 62 50 22 61 
62 52 61 83 78 83 85 32 41 81 82 11 52 95 64  0 91 20  5 21 17 68 63 26 18 51 82 71 89 66 45 92 20 81 42 40 94 90 30 92  2 100 89 79 37 39 73  3 58 67 50 25 55  3 28  8 87 30 88 92 25 50 30 79 78  9 100 64 40 40 16 66 52 85 25 23  5  7  6 48 17 100 27 21 33 56 86 74 93 82 
41  4 67 60 40 34 81 45 64 94 92 55 60 79 34 91  0 17 72 68 95 79  6  2 10 61 80  2  1  9 31 75  2 30 31 96 80 19 79  5  2 30  3 58 27 55 42 100 26 64 55 95 19 37 84 39  3 40 66 53 56 100  5  8 82 78 22  3 63 73 11 34 88 35 93 22 87 50 99 23 44 89 80 84 79 77 97 65 72 56 
21 34 87 100 10 74 52 59 47 33 41 41 76 37 90 20 17  0 88 94 81 10 30 59 69  8 12 46 33 21 100 10 52 97 85 13 33 43 81 46 27 81 47 99 29 97 98  6 21 87 76 59 14 90 81 46 35 75 99 15 95 96 66 53 10 74 90  4 69 85 63 39  2 44 53 10 43  5 41 60 96 63 39 10 55 51 70 28 89 41 
53 18 98 11 41  1 80 21 36 36 30 15 38 43 45  5 72 88  0 65 24 85 54 62 53 54 10 27 25 17 99 58 66 30 28 68 42 57 45 72 55  3 90 60 57 12 27  5 37 13  3 88 100 62 21  5 29 37 34 61 51 59 82 72 50 59 80 23 50 61 92  3 30 14 31 62 22 39 40 30 77 26 82 86 36 49 82 44 52 50 
48 93 10 95 45 63 12 22 54 42 92  7 96 50 33 21 68 94 65  0 49 87 37 23 44 21 16 26 18 65 23 74 77 44 48 17 56 78 18 23 60 87 43 71 36  6 78 16 97 36 14 33 37 21 52 35 15  2 20 62 92 71 96 35 95 18 54 37 73 98  7 66 35 80 64 31  1 45 21 76 52 59  7 45 54 23 77 98 51  8 
50 85 22 32 12 38 57 17 45 90 57 26 65 13 62 17 95 81 24 49  0 28 74 54 66 12 94 71  9 65 23 37 32 43 90 54 33  3 41 48 45 78 59 69  3 43 31 25 39 91 66 74  4  5 72 86 43 54 48 78 10 22 58 97 62 97 19 24 18 59 55 25  6 41 47 11 27 90 78 54 94  5 85 88 70 57 92 36 50  2 
12 78 44 62  5 37 72 55 26 33 72 88 92 40 37 68 79 10 85 87 28  0 13 60 68 25 22  8 10 77 66 51 67 69 57 90 76 34 65 91 51 90 16 90 46 48 39  9 31 22 64  2 91 67 57 37 66 70 49 91 64 28 38 20  6 90 96 84  8 60 96 97 72 66  6 34 87 69 94 13 72 67 10 35 11  1 36  5 81 81 
12 89 30 26 28 56 90 71 48 47 31 65 81 88 74 63  6 30 54 37 74 13  0 22 61 94 54 79 17 59 92 55 19 10 22 96 73 26 31 17 84 92  2 49 40 37 25  5 96 14  3 67 84 39  3 33 51 45 98 51 88 89 12 89 71 47 55 72 51 83 12 86 83 97 13 49 65 82 57  1 90 75 23 53 15 49 83 10 20 19 
39 77 15 12 45 85 83 65 56 58 85  7 20 78 12 26  2 59 62 23 54 60 22  0 34  4 35 61 89  3 84 57  8 28 19 15  6 21 14 92 17 88 94 78 97 21  2 51 44 51 68 27 54 23 68 23 32 11  8 83  1 38 15 63 70 29 16 74 57 99 68 45 20 65 52 45 87 85 89 48 74 23 46  7 56 47 70 29 17 37 
44 70  8 79 21 57 31 92 16 55 93 77 90 98 59 18 10 69 53 44 66 68 61 34  0 61 29 27 65 11 53 57 77 89 79 23 92  6 27 27 83 85 21 51 39  7 76 33 52 93 33 18 10 43 44 96 93 24 33 51 48 100 25 52 65 96 32 37 50  7  3 31 77 10  1 97 92 69  7 81 91 98  9 70  3 72 36 90 28 68 
 4 76 60 87 70 21 67 30 81 87 94 48 11 43 63 51 61  8 54 21 12 25 94  4 61  0  4 38 83 58 26 73 53 76 95 28 41 66 75 96  9 82 78 37 11 79 30  6 23 35 53 78 46 41 33 59  5 93 98 93 96 63 20 25 35 82 72 50 46 12 52 84  2 67 42 56 79 48 41 40 55 52 90 31  1 51 64 79 97 36 
91 81 92 31 30 33 18 33 11 77 50 39 17 57  9 82 80 12 10 16 94 22 54 35 29  4  0 40 19 13 69 23 100 72 98 97 26  7 45 32 88 61 75 54 44 25 51 77 53 83 19 36 47 72 65 26 35 43 82 76 57 70 44 35 68 33 11 33 71 88 47 11 42 19 25  8 11 96 33 80 50 32 48 71 47 86 99 82  7 78 
 3  2 37 54 17 48  5 44 93 57 23 18 13  3 57 71  2 46 27 26 71  8 79 61 27 38 40  0 74 85 24 80 25 25 98 33 67 47 86 30 77 48 32 31 34 76 17  2 64  6 24 23 66  4 64 23 65 36 99 37 88 24 18  4 67 23 65 79 40 14 80 18 11 32 24 11 35 27 77 95 30 17 88 81 55 32 69 34 82 57 
44 59 52 64 48 17 19 14  8 99  7 38 75 50 62 89  1 33 25 18  9 10 17 89 65 83 19 74  0 20 93 81 50 98 79 42 28 91  4 15 24 50 71 62 38 38 54 66  4 43 51 98 27 71 98 12 24 84 38 46  7 99  2 52 52 78 57 75 72 66  6  9 61 95 28 50 78 83 34 99 47 36 25 97 71 62 58 81 30 78 
26 32 99  2 81 82 80 92 46 77 55 79 19 11  1 66  9 21 17 65 65 77 59  3 11 58 13 85 20  0 59 68 87  7  3 79 57 31 51 30 100 47 69 35 63 37 53 51 88 72 19 90 59 18 94 91 12 53 71 92 37 90 38 64 40 39 99 67 70 35 55 19 53 41 94 29 59  9 82 69 59 70 25 54 48 56 32 50 94 18 
24 91 69 75 26 49 90 85 100 83 69  4  5 64 38 45 31 100 99 23 23 66 92 84 53 26 69 24 93 59  0 12 62 89  7 100 70 68 91 21 18 66 34 59 46 45 53 14 85 70 36 66 62 53 37 91 60 45 37 40 99 89 34 86 10 100 89 72 33  1 72  8 40 38 13 56 66  2 44 37 53 73 48 94 68 20 34 10 76 29 
72 73 22 74 70 86 69  1 88 78 79 27 66 75 58 92 75 10 58 74 37 51 55 57 57 73 23 80 81 68 12  0 59 97 87  5 54 96 80 24 99 80  6 58 51 21 64 27 26 85 39 43 98 88 14 83 36 26 48 56 38 91 84 66  8 29 92 35 97 70 73 89 92 14 51  1 96 38  5 28 30 41 42 18 48 14 52 84 100  9 
15 97 61 70 12 59 92 65 36 96 12 42 60  3 83 20  2 52 66 77 32 67 19  8 77 53 100 25 50 87 62 59  0 13 77 22  9 24 22 74 35 39 10 71 74  8  4 21 99 62 77  2 95 25 26  7 93 91 66 100 79 88 64 47 90 35  4 11 13 31 26 66 50 44 88 43 27 29  1 81 21 24 54 60 13 72 20 38 29 90 
12 36 94 70 18  2 11 100 72 17 69 71 59 55 12 81 30 97 30 44 43 69 10 28 89 76 72 25 98  7 89 97 13  0 71 48 95  3  4  7 21 50 50 34 37 18 27 30 19 45  3 47 10 51 35  4 85 26  9 71 98 48 41 29 89 59  5 74 77 27 43 68  7 15  9 30 36 27 32 99 21 26 38 75 53 93 31 42  2 92 
69 74 35 84  2 44 61 14 90 72 41 92 71 14 83 42 31 85 28 48 90 57 22 19 79 95 98 98 79  3  7 87 77 71  0 90 64 96 55 15 37 67 21 82 72 24 74 35 49 76 89 36 65 21 25 86 52 95 61  6 77 37 79 36 90 41 37 29 63 44 90 31 13 91 84 68 37 21 69 55 20 14 86 89 17 89  5 86 49 74 
53 54 16 59  4 18 32 92 11 17 84 57 60 83 88 40 96 13 68 17 54 90 96 15 23 28 97 33 42 79 100  5 22 48 90  0 46 53 49 20 58 100  7  6 60 20 22 41 64 82 20 100  6 44 59 58 71 43 35 32 38 18  6 49 49 34 16 58 12 43 67  5 49 73  7 89 97 89 40 68 61 82 34 64 10 91 80 37  8  4 
27 23 46 54 54 10 74 23 81 68 95 79 62 14 51 94 80 33 42 56 33 76 73  6 92 41 26 67 28 57 70 54  9 95 64 46  0 60 51 23 58  9 66 53 42 77 13 14 63 45 83 18 10 97 91 11 78 82 41 85 39 59 77 55 98 90 34  3 31 49 19 65 58 55 21 87 18 29 96 87 55 36 71 13 60 63 87 28 24 79 
84 55 24 37 98 98 55 73 27 64  6 30  1 84 21 90 19 43 57 78  3 34 26 21  6 66  7 47 91 31 68 96 24  3 96 53 60  0 64 78 41 76 94 68 59 66 69 47 85 78 45 79 17 22 14 43 100 18 89 88  9 43 40 81 77 52 32 52 70 82 30 28 93 31 34 22 60 10 67 91 100 19 47 63 24 27 95 12 83 50 
 1 89 13 27 59 28 40 51 67 21 20 78 73 99 23 30 79 81 45 18 41 65 31 14 27 75 45 86  4 51 91 80 22  4 55 49 51 64  0 56 89 87 63 44 70  4 44 61 20  7  7  3 44 43 35 32 82 48 64 36 78 62 14 81 61 59 37 69 74 69 55 92 35  4 65 96 83 27 55 37 87 37 13 97 35 47 48 71 98  8 
81 30 34 64 63 36 90 19 93 51 75 59 96 71 50 92  5 46 72 23 48 91 17 92 27 96 32 30 15 30 21 24 74  7 15 20 23 78 56  0 30 82 30 92 51 96 19 23 63 47 15 30  8 76 28 29 35 37  4 44 61  9 84 59 72 58  8 61 12 82 50 17 13 31 67 63 55 50 98 79 28 29 35 72 73 53 72 90 65 92 
87 48 87 26 60 30 69 14 70 44 100 59 44  6 78  2  2 27 55 60 45 51 84 17 83  9 88 77 24 100 18 99 35 21 37 58 58 41 89 30  0 47 50 62 52 70 41 16 36 96 79 48 46 48 95 18 87 46 17 32 40 82 63 86 73  5 27  4 87 77 60 18 49 50  3  2 92 16 20 41 34 90 78 13 74 70  7 52 77 20 
 7 17 84 28 71 87 90  2 94 83 15 59 86 96  9 100 30 81  3 87 78 90 92 88 85 82 61 48 50 47 66 80 39 50 67 100  9 76 87 82 47  0 50 98 35 31 23 56 60 63 26 90 35 52 31 67  4 74 92 59 92  8 33 28 90 50 67 99 18 47 51 75 36 56 92 18 67 45 64 19 92 96 97 80 90 93 63 92 69 73 
78  8 85 71 23 71 72 25 98 20 84 15 78 35 27 89  3 47 90 43 59 16  2 94 21 78 75 32 71 69 34  6 10 50 21  7 66 94 63 30 50 50  0  4 19 16 10 71 44 44 60 40 63 84 15 70 95  3 78  1 84 73 92 76 56 75 79 79 21 63 23 96 87 12 18 93 83 96 41 82 50 52 45 32 90 85 17 92 91 28 
17 57 64 51 40 95 60 23 12 13 84 96 70 70 91 79 58 99 60 71 69 90 49 78 51 37 54 31 62 35 59 58 71 34 82  6 53 68 44 92 62 98  4  0 39 62 25 22 17 35 93 89 92 79 65 87 73 77 68 100 23 47 72 70 51 50 25 59 91 55 36 81 29 91 59 53 97 93 78  6 49 56 41 94  5 98 97 59 29 62 
93 94 30 93 68 86 93 37 64 85 91 72 14 48 46 37 27 29 57 36  3 46 40 97 39 11 44 34 38 63 46 51 74 37 72 60 42 59 70 51 52 35 19 39  0 58 74 36 96 32 54 83 59  6 89 35 47 75 88 82 19 43  7 71 15 73 22 23 68 69 20 39 77  2 76 30 73 71 16 51 92 60 37 94 39 45 41 95  9  1 
89  9 66 67 34 59 24  3 21 72 85 13 48 12 38 39 55 97 12  6 43 48 37 21  7 79 25 76 38 37 45 21  8 18 24 20 77 66  4 96 70 31 16 62 58  0 76 81 39 79 58 62 80 38 20 30 85 81 81 79 54 49 61  8 78 65 82 66 29  2 100  4 71 67  6 26 42 30 73 55 91 56 62  4  6 65 16 12 92 25 
61 88 30 71 68 94 20  3 62 17 73 82 14 49 49 73 42 98 27 78 31 39 25  2 76 30 51 17 54 53 53 64  4 27 74 22 13 69 44 19 41 23 10 25 74 76  0 26 94 48 67 71 22  9 78 41 92 41 63 38  2 93 100 61  9 79 53 92 45 90 10 80 34 35 50 89 50 43 70 88 59 68 28 92 38 69 59 91 25 40 
77 42 99 64 37 31 54 18 66 14 32 37 10 25 42  3 100  6  5 16 25  9  5 51 33  6 77  2 66 51 14 27 21 30 35 41 14 47 61 23 16 56 71 22 36 81 26  0 69 64 13 59 16 43 56 35 23 23 65 79 12 53  9 81 97 95 79 98 94 57 71 28 18 37 38 17 91 53  2 60 60 82 69 90 50 57 32 87 21  2 
11 79 27 49  1 54 20 43 36 31 43  3 21 35 17 58 26 21 37 97 39 31 96 44 52 23 53 64  4 88 85 26 99 19 49 64 63 85 20 63 36 60 44 17 96 39 94 69  0 24 55 55 31 42 61 39 17 52 33 38 75  5 71 38 48 61  5 34 49 20 100 97 10 54 79 62 22 87 33 90 15 30 62 73  4 51 26 36 41 39 
91 24 92 48 12 69  9 59 34 75  4  4 57 49 11 67 64 87 13 36 91 22 14 51 93 35 83  6 43 72 70 85 62 45 76 82 45 78  7 47 96 63 44 35 32 79 48 64 24  0  3 87 66 55 35 70 97 67 96 45 50 25 47 100 16 29 88 34 85 21 38 27 82 15 33 27 89 36 81 46 59  5 70 83 25 82 20 68 40 17 
15 62 39 10 10 69 36 19 76 87 36 20 57 42 51 50 55 76  3 14 66 64  3 68 33 53 19 24 51 19 36 39 77  3 89 20 83 45  7 15 79 26 60 93 54 58 67 13 55  3  0 32 91 84 85 30 11 14 18 25 39 87 47 26 81 75 38 65 94 67 51 82 92 63 67 77 86 55 66 20 93 11 31 92  1 23 57 52 10 86 
62 24 48 96 17 38 73 54  7 37 84 55 12 94  2 25 95 59 88 33 74  2 67 27 18 78 36 23 98 90 66 43  2 47 36 100 18 79  3 30 48 90 40 89 83 62 71 59 55 87 32  0 31 38 91 13 66  9 81  2 19 16  6 86 17 83 29 92 57 31 72 32 93 35 75 39 21 10  5 85 82 19 18 93 84 67 10 39 50 42 
28 87 56 52 85 56 65 61 11 82 65 71  3 93 70 55 19 14 100 37  4 91 84 54 10 46 47 66 27 59 62 98 95 10 65  6 10 17 44  8 46 35 63 92 59 80 22 16 31 66 91 31  0 44 16 28 73 21 71 69 52  5  6 72  2 31  4 55 37 71 75 71 90 58 40 93 66 27 14 69 49  5 51 49 39 38 90 57 46 11 
36  9 54 38 20 59 61 22 72 76 14 29 51 31 14  3 37 90 62 21  5 67 39 23 43 41 72  4 71 18 53 88 25 51 21 44 97 22 43 76 48 52 84 79  6 38  9 43 42 55 84 38 44  0 86 74 71  5  6 28 55 21 44 76 38 49  7 88 21 39 90  9 55 38 97 15 47 85 10 93 55 91 18 97 77 85 54  7 92 76 
67 39 35 32 34 91 20  9 82 14 30 55 49 63 31 28 84 81 21 52 72 57  3 68 44 33 65 64 98 94 37 14 26 35 25 59 91 14 35 28 95 31 15 65 89 20 78 56 61 35 85 91 16 86  0 60  5 82  7 100 52 39 40 48 57 85 59 57 98 18  4 91 80 77 96 69  8 50  5 17 80 72 84 46 80 42 65 83 43 38 
56 52 30 75 49 34 81  2  9 41 89 44 31 68 68  8 39 46  5 35 86 37 33 23 96 59 26 23 12 91 91 83  7  4 86 58 11 43 32 29 18 67 70 87 35 30 41 35 39 70 30 13 28 74 60  0 92 76  7 100 76 63 78 66 91 65 48 53 89 26 12 70 72 91 97 76  8 13 39 88  4  6 88 70 43 98 66 100 78 80 
30 56  4 24 70 55  8 81 96 54 70 22 31 29 41 87  3 35 29 15 43 66 51 32 93  5 35 65 24 12 60 36 93 85 52 71 78 100 82 35 87  4 95 73 47 85 92 23 17 97 11 66 73 71  5 92  0 75 44 29 20 15  2 42 56 63 83 66 54 54 65 28 78 58 39 10 30 51 67 70  2 36 98 67  6 38 67 84 18 25 
67 96 73 62 39 47 67 16 61 63 28 86 92 54 65 30 40 75 37  2 54 70 45 11 24 93 43 36 84 53 45 26 91 26 95 43 82 18 48 37 46 74  3 77 75 81 41 23 52 67 14  9 21  5 82 76 75  0 29 86 85 43 99 55 10 48  2 51 34 75 55 12  2 31 46  7 90 59 60 58 80 28  3 12 68 17 66 69 76 33 
25 19 62 49 88 54 89 56 44 75 55 90 71 14 17 88 66 99 34 20 48 49 98  8 33 98 82 99 38 71 37 48 66  9 61 35 41 89 64  4 17 92 78 68 88 81 63 65 33 96 18 81 71  6  7  7 44 29  0 44 57 16 19 74  2 16 24 50 23  3 86 49 41 99 74  5 74 51 43 67 15 10 91 71 76 15 45  8 52 92 
 2  5 18 91 59  6 44 45 69 51 70 25 33 16 53 92 53 15 61 62 78 91 51 83 51 93 76 37 46 92 40 56 100 71  6 32 85 88 36 44 32 59  1 100 82 79 38 79 38 45 25  2 69 28 100 100 29 86 44  0 74 52 11 27 12 27 38 99  8 33 98  7 52  7 15 47 98 53 35  2  7  6 61 92 86  8 46 81 95 34 
57 92 45 14 58 64 79 14 18 93 68  1 52  9 84 25 56 95 51 92 10 64 88  1 48 96 57 88  7 37 99 38 79 98 77 38 39  9 78 61 40 92 84 23 19 54  2 12 75 50 39 19 52 55 52 76 20 85 57 74  0 27 32 46 52 89 48 57 45 79 21 40 77  3 14 46 43 54 40 87 17 58 97 48 93 97 25 22 60 65 
78 58 86 46 62 38 99 100 95 25 26 52 13 49 94 50 100 96 59 71 22 28 89 38 100 63 70 24 99 90 89 91 88 48 37 18 59 43 62  9 82  8 73 47 43 49 93 53  5 25 87 16  5 21 39 63 15 43 16 52 27  0  9 67 54 60 85 95 34  9 31 45 20  6 82 75 19 16 57  3 61 25 77 37 46 85 60 38 50 36 
72 48 31 27 74 24 74 24 57 74  7 59 87 85  2 30  5 66 82 96 58 38 12 15 25 20 44 18  2 38 34 84 64 41 79  6 77 40 14 84 63 33 92 72  7 61 100  9 71 47 47  6  6 44 40 78  2 99 19 11 32  9  0 15 55  5 77  2 59  2 73 42 38 57 42 32 45 92 75 50 80  9 21 17  6  8 49 29 79  7 
55 58 91 37 77 26 66 95 100 34 23 88 71 87 81 79  8 53 72 35 97 20 89 63 52 25 35  4 52 64 86 66 47 29 36 49 55 81 81 59 86 28 76 70 71  8 61 81 38 100 26 86 72 76 48 66 42 55 74 27 46 67 15  0 39 100 77 41 39 31 98  7 45 55 20 100 10 16 76 23 47 76  6 97 55  5 62 16 57 90 
 8 47 60  8 77  8 55  9 60 74 22 22 48 93 10 78 82 10 50 95 62  6 71 70 65 35 68 67 52 40 10  8 90 89 90 49 98 77 61 72 73 90 56 51 15 78  9 97 48 16 81 17  2 38 57 91 56 10  2 12 52 54 55 39  0  9 85 95 32 14  6 93 22 96 27 92 36 16 28 43  9 86 51 93  2 40 73 28 25 71 
28 72 33 84 85  8 73 61 65 45 29 97 32 88 75  9 78 74 59 18 97 90 47 29 96 82 33 23 78 39 100 29 35 59 41 34 90 52 59 58  5 50 75 50 73 65 79 95 61 29 75 83 31 49 85 65 63 48 16 27 89 60  5 100  9  0 11 13  3 30 43 38 84 38 33  3 21 80 38 28 53 26 75 77 53 64 44 28 67 66 
30 39 17 17 84 79 66  8 14 26 40 32 18 23 95 100 22 90 80 54 19 96 55 16 32 72 11 65 57 99 89 92  4  5 37 16 34 32 37  8 27 67 79 25 22 82 53 79  5 88 38 29  4  7 59 48 83  2 24 38 48 85 77 77 85 11  0 73 73 40 95 37 22 88 65 68 38 49 50  1 43 56 73 53 11 10 59 76 73 78 
65 19 99 70 93 30 60 60 96 52 17  4 56 48 46 64  3  4 23 37 24 84 72 74 37 50 33 79 75 67 72 35 11 74 29 58  3 52 69 61  4 99 79 59 23 66 92 98 34 34 65 92 55 88 57 53 66 51 50 99 57 95  2 41 95 13 73  0 60 66 53 38 40 28 15 78 54 59 62 53 38  2 76 58  5 90  3 96 45  6 
 9 66 51 44 40 99 95 55  3  9 14  9 95 58 13 40 63 69 50 73 18  8 51 57 50 46 71 40 72 70 33 97 13 77 63 12 31 70 74 12 87 18 21 91 68 29 45 94 49 85 94 57 37 21 98 89 54 34 23  8 45 34 59 39 32  3 73 60  0 80 11 98 41 18 16 12 55 97  2 70 80 62 30 56 59 78 76 35 51 66 
52 26 38 37 34 46 96  6  4 50 74 33 94  8 84 40 73 85 61 98 59 60 83 99  7 12 88 14 66 35  1 70 31 27 44 43 49 82 69 82 77 47 63 55 69  2 90 57 20 21 67 31 71 39 18 26 54 75  3 33 79  9  2 31 14 30 40 66 80  0 64 62 27 66 55 84 13 19 42 33 17 41 97 48 80 19 55 73 40 23 
42 47 87 81 80 70 80 70 27 95 52 18 55 82 36 16 11 63 92  7 55 96 12 68  3 52 47 80  6 55 72 73 26 43 90 67 19 30 55 50 60 51 23 36 20 100 10 71 100 38 51 72 75 90  4 12 65 55 86 98 21 31 73 98  6 43 95 53 11 64  0 61 59 66 59 18 44 27 90 72 19  4 30 32 84 41 21 49  4 37 
79 89 11 63  4 47 54 70 18 78 30 35 30 75  3 66 34 39  3 66 25 97 86 45 31 84 11 18  9 19  8 89 66 68 31  5 65 28 92 17 18 75 96 81 39  4 80 28 97 27 82 32 71  9 91 70 28 12 49  7 40 45 42  7 93 38 37 38 98 62 61  0  7 97 20 81 71 97 18 35 43 81 53 35 58 67 89 37 25  7 
30 58 80 73 44 100 77 70 25 18 92 65 43 84 82 52 88  2 30 35  6 72 83 20 77  2 42 11 61 53 40 92 50  7 13 49 58 93 35 13 49 36 87 29 77 71 34 18 10 82 92 93 90 55 80 72 78  2 41 52 77 20 38 45 22 84 22 40 41 27 59  7  0 16 15 39 84  7 57 38  9 75 47 27 80 37 57 34 33 61 
54 52 38 46 77 69 85 66  6 44 46 54 63 31  3 85 35 44 14 80 41 66 97 65 10 67 19 32 95 41 38 14 44 15 91 73 55 31  4 31 50 56 12 91  2 67 35 37 54 15 63 35 58 38 77 91 58 31 99  7  3  6 57 55 96 38 88 28 18 66 66 97 16  0 44 13  5  7 52 91 56 42 24 82 50 56 69 95 21 73 
11 82 20 93 65 85  3 33 39 73 33  7 66 25 11 25 93 53 31 64 47  6 13 52  1 42 25 24 28 94 13 51 88  9 84  7 21 34 65 67  3 92 18 59 76  6 50 38 79 33 67 75 40 97 96 97 39 46 74 15 14 82 42 20 27 33 65 15 16 55 59 20 15 44  0 54 35 62 21 61 84 78 99 40 84 29 51 78 82 68 
92 87  2 40 67 11 99 32 30 100 23  7 97 66 15 23 22 10 62 31 11 34 49 45 97 56  8 11 50 29 56  1 43 30 68 89 87 22 96 63  2 18 93 53 30 26 89 17 62 27 77 39 93 15 69 76 10  7  5 47 46 75 32 100 92  3 68 78 12 84 18 81 39 13 54  0 63 11 42  3 35 54 13 98 98 53 74 30 58 71 
15 80 86 60  2 17  1 97 14 41  1 57 85 35 47  5 87 43 22  1 27 87 65 87 92 79 11 35 78 59 66 96 27 36 37 97 18 60 83 55 92 67 83 97 73 42 50 91 22 89 86 21 66 47  8  8 30 90 74 98 43 19 45 10 36 21 38 54 55 13 44 71 84  5 35 63  0 76 43 21 66 30 13 84 74 67 28 71 91 32 
32 30 16 21 18 63 49 49  4 72 19  2  5  1 98  7 50  5 39 45 90 69 82 85 69 48 96 27 83  9  2 38 29 27 21 89 29 10 27 50 16 45 96 93 71 30 43 53 87 36 55 10 27 85 50 13 51 59 51 53 54 16 92 16 16 80 49 59 97 19 27 97  7  7 62 11 76  0 56 94 74 53  8 46 74 100 49 74 25 55 
33 82  6 99 95 100 64 46 31 56 79 31 82 87 20  6 99 41 40 21 78 94 57 89  7 41 33 77 34 82 44  5  1 32 69 40 96 67 55 98 20 64 41 78 16 73 70  2 33 81 66  5 14 10  5 39 67 60 43 35 40 57 75 76 28 38 50 62  2 42 90 18 57 52 21 42 43 56  0 20  5 23 69 58 40 57 91 86 60 99 
50  6 49 13 53 62 59 58  2 34 17 41  7 68 15 48 23 60 30 76 54 13  1 48 81 40 80 95 99 69 37 28 81 99 55 68 87 91 37 79 41 19 82  6 51 55 88 60 90 46 20 85 69 93 17 88 70 58 67  2 87  3 50 23 43 28  1 53 70 33 72 35 38 91 61  3 21 94 20  0 24 71 80 14 10 50 12 42 63 10 
35 53 40 96 75 31 92 44 50 18 17 28  1 87 73 17 44 96 77 52 94 72 90 74 91 55 50 30 47 59 53 30 21 21 20 61 55 100 87 28 34 92 50 49 92 91 59 60 15 59 93 82 49 55 80  4  2 80 15  7 17 61 80 47  9 53 43 38 80 17 19 43  9 56 84 35 66 74  5 24  0 91  1 72 43  7 15 47 12 67 
34 54 35 100 44 72 58 49 97 66  5 16 20 22 47 100 89 63 26 59  5 67 75 23 98 52 32 17 36 70 73 41 24 26 14 82 36 19 37 29 90 96 52 56 60 56 68 82 30  5 11 19  5 91 72  6 36 28 10  6 58 25  9 76 86 26 56  2 62 41  4 81 75 42 78 54 30 53 23 71 91  0 82 24 83 94 95 90 32 90 
17 68 92  8 63 93  9 11  5 83 30 47 61 50 97 27 80 39 82  7 85 10 23 46  9 90 48 88 25 25 48 42 54 38 86 34 71 47 13 35 78 97 45 41 37 62 28 69 62 70 31 18 51 18 84 88 98  3 91 61 97 77 21  6 51 75 73 76 30 97 30 53 47 24 99 13 13  8 69 80  1 82  0 51 67 31 36 20 96  6 
23 76 78  8 91 34 100 99 56 37 17 79 83  2 74 21 84 10 86 45 88 35 53  7 70 31 71 81 97 54 94 18 60 75 89 64 13 63 97 72 13 80 32 94 94  4 92 90 73 83 92 93 49 97 46 70 67 12 71 92 48 37 17 97 93 77 53 58 56 48 32 35 27 82 40 98 84 46 58 14 72 24 51  0 11 58 91 58 35 93 
 7 65 58 75  9 99 46 14 27 46 17 73 40  8 12 33 79 55 36 54 70 11 15 56  3  1 47 55 71 48 68 48 13 53 17 10 60 24 35 73 74 90 90  5 39  6 38 50  4 25  1 84 39 77 80 43  6 68 76 86 93 46  6 55  2 53 11  5 59 80 84 58 80 50 84 98 74 74 40 10 43 83 67 11  0 75 79 88 32 92 
32 44 80 91 69  4 17 18 11 90 61 93 73 28 17 56 77 51 49 23 57  1 49 47 72 51 86 32 62 56 20 14 72 93 89 91 63 27 47 53 70 93 85 98 45 65 69 57 51 82 23 67 38 85 42 98 38 17 15  8 97 85  8  5 40 64 10 90 78 19 41 67 37 56 29 53 67 100 57 50  7 94 31 58 75  0 17 19 72  9 
24 72 32 58 24 23 83 60 28 24 88 59 24 90 62 86 97 70 82 77 92 36 83 70 36 64 99 69 58 32 34 52 20 31  5 80 87 95 48 72  7 63 17 97 41 16 59 32 26 20 57 10 90 54 65 66 67 66 45 46 25 60 49 62 73 44 59  3 76 55 21 89 57 69 51 74 28 49 91 12 15 95 36 91 79 17  0 68 62 51 
12 40 25 25 25 36 85 98 48 91 82 67 35 32 50 74 65 28 44 98 36  5 10 29 90 79 82 34 81 50 10 84 38 42 86 37 28 12 71 90 52 92 92 59 95 12 91 87 36 68 52 39 57  7 83 100 84 69  8 81 22 38 29 16 28 28 76 96 35 73 49 37 34 95 78 30 71 74 86 42 47 90 20 58 88 19 68  0 27  9 
34 13 21 66 38 20 48 47 91 48 93 55  1 49 22 93 72 89 52 51 50 81 20 17 28 97  7 82 30 94 76 100 29  2 49  8 24 83 98 65 77 69 91 29  9 92 25 21 41 40 10 50 46 92 43 78 18 76 52 95 60 50 79 57 25 67 73 45 51 40  4 25 33 21 82 58 91 25 60 63 12 32 96 35 32 72 62 27  0 31 
49 70 63  2 34 65 40  8  3 11 99  5 86 55 61 82 56 41 50  8  2 81 19 37 68 36 78 57 78 18 29  9 90 92 74  4 79 50  8 92 20 73 28 62  1 25 40  2 39 17 86 42 11 76 38 80 25 33 92 34 65 36  7 90 71 66 78  6 66 23 37  7 61 73 68 71 32 55 99 10 67 90  6 93 92  9 51  9 31  0